# Force coefficients
# liftDir     : (0.000000e+00 1.000000e+00 0.000000e+00)
# dragDir     : (1.000000e+00 0.000000e+00 0.000000e+00)
# pitchAxis   : (0.000000e+00 0.000000e+00 1.000000e+00)
# magUInf     : 1.151600e+00
# lRef        : 1.000000e+00
# Aref        : 9.975641e-04
# CofR        : (0.000000e+00 0.000000e+00 0.000000e+00)
# Time        	Cm            	Cd            	Cl            	Cl(f)         	Cl(r)         
0             	-5.604114e-02	3.750823e+00	4.739895e-03	-5.367119e-02	5.841109e-02
5             	3.383101e+02	9.453238e+00	8.994337e+01	3.832818e+02	-2.933384e+02
10            	3.616264e+02	1.001398e+01	9.627407e+01	4.097634e+02	-3.134893e+02
15            	3.697975e+02	9.801870e+00	9.879276e+01	4.191939e+02	-3.204011e+02
20            	3.691863e+02	9.275046e+00	9.900338e+01	4.186880e+02	-3.196846e+02
25            	3.621453e+02	8.702004e+00	9.747704e+01	4.108838e+02	-3.134068e+02
30            	3.548202e+02	8.202329e+00	9.588109e+01	4.027607e+02	-3.068796e+02
35            	3.460060e+02	7.803529e+00	9.387728e+01	3.929446e+02	-2.990673e+02
40            	3.374938e+02	7.620873e+00	9.183098e+01	3.834093e+02	-2.915783e+02
45            	3.421130e+02	8.100942e+00	9.327039e+01	3.887482e+02	-2.954778e+02
50            	3.411910e+02	8.289659e+00	9.327239e+01	3.878272e+02	-2.945548e+02
55            	3.298033e+02	8.289272e+00	9.036167e+01	3.749841e+02	-2.846225e+02
60            	3.226956e+02	8.801448e+00	8.847235e+01	3.669318e+02	-2.784594e+02
65            	3.316157e+02	1.000434e+01	9.086850e+01	3.770499e+02	-2.861814e+02
70            	3.342723e+02	1.034058e+01	9.154021e+01	3.800424e+02	-2.885022e+02
75            	3.235269e+02	9.962895e+00	8.868142e+01	3.678676e+02	-2.791862e+02
80            	3.233284e+02	1.028665e+01	8.870114e+01	3.676790e+02	-2.789779e+02
85            	3.513399e+02	1.131912e+01	9.633507e+01	3.995074e+02	-3.031724e+02
90            	3.986944e+02	1.214060e+01	1.093558e+02	4.533723e+02	-3.440165e+02
95            	4.786829e+02	1.352628e+01	1.314031e+02	5.443845e+02	-4.129814e+02
100           	5.101117e+02	1.330684e+01	1.404262e+02	5.803248e+02	-4.398986e+02
105           	5.069166e+02	1.324354e+01	1.398001e+02	5.768167e+02	-4.370166e+02
110           	5.315345e+02	1.457504e+01	1.465015e+02	6.047853e+02	-4.582837e+02
115           	5.556193e+02	1.637409e+01	1.530464e+02	6.321424e+02	-4.790961e+02
120           	5.724925e+02	1.820709e+01	1.576167e+02	6.513008e+02	-4.936841e+02
125           	5.714309e+02	1.868233e+01	1.574902e+02	6.501760e+02	-4.926858e+02
130           	5.303787e+02	1.686983e+01	1.468809e+02	6.038191e+02	-4.569382e+02
135           	4.734875e+02	1.437457e+01	1.321373e+02	5.395561e+02	-4.074188e+02
140           	4.537630e+02	1.416750e+01	1.267191e+02	5.171225e+02	-3.904035e+02
145           	4.278257e+02	1.379420e+01	1.196040e+02	4.876277e+02	-3.680237e+02
150           	5.345577e+02	1.914046e+01	1.475811e+02	6.083483e+02	-4.607672e+02
155           	5.740026e+02	2.206995e+01	1.580133e+02	6.530092e+02	-4.949959e+02
160           	6.018787e+02	2.351985e+01	1.657458e+02	6.847516e+02	-5.190058e+02
165           	6.036556e+02	2.396975e+01	1.665732e+02	6.869422e+02	-5.203690e+02
170           	5.554939e+02	2.255126e+01	1.540990e+02	6.325434e+02	-4.784444e+02
175           	4.448992e+02	1.864586e+01	1.245673e+02	5.071829e+02	-3.826156e+02
180           	3.609474e+02	1.644425e+01	1.017524e+02	4.118237e+02	-3.100712e+02
185           	3.302865e+02	1.689921e+01	9.295550e+01	3.767643e+02	-2.838088e+02
190           	2.835805e+02	1.541659e+01	8.015783e+01	3.236594e+02	-2.435016e+02
195           	2.862013e+02	1.331358e+01	8.105829e+01	3.267305e+02	-2.456722e+02
200           	3.125462e+02	1.209117e+01	8.864742e+01	3.568699e+02	-2.682224e+02
205           	3.538818e+02	1.139074e+01	1.005390e+02	4.041513e+02	-3.036123e+02
210           	3.941186e+02	1.175068e+01	1.116953e+02	4.499663e+02	-3.382710e+02
215           	3.701676e+02	1.213906e+01	1.047764e+02	4.225558e+02	-3.177793e+02
220           	3.634462e+02	1.366701e+01	1.022397e+02	4.145661e+02	-3.123264e+02
225           	3.537938e+02	1.507231e+01	9.937924e+01	4.034834e+02	-3.041042e+02
230           	3.280170e+02	1.667978e+01	9.197240e+01	3.740032e+02	-2.820308e+02
235           	2.855344e+02	1.814055e+01	7.965714e+01	3.253629e+02	-2.457058e+02
240           	2.734323e+02	1.711568e+01	7.654629e+01	3.117055e+02	-2.351592e+02
245           	2.548379e+02	1.623365e+01	7.172750e+01	2.907017e+02	-2.189742e+02
250           	1.732715e+02	1.607053e+01	4.863369e+01	1.975883e+02	-1.489546e+02
255           	8.657630e+01	1.326827e+01	2.475877e+01	9.895568e+01	-7.419691e+01
260           	8.925686e+01	1.073651e+01	2.565386e+01	1.020838e+02	-7.642993e+01
265           	2.127264e+02	1.186620e+01	5.971376e+01	2.425833e+02	-1.828695e+02
270           	2.277797e+02	1.292533e+01	6.363704e+01	2.595982e+02	-1.959612e+02
275           	4.776303e+01	9.665130e+00	1.419876e+01	5.486241e+01	-4.066365e+01
280           	7.153292e+01	1.063208e+01	2.010333e+01	8.158459e+01	-6.148126e+01
285           	1.876383e+02	1.237252e+01	5.153000e+01	2.134033e+02	-1.618733e+02
290           	2.919893e+02	1.423519e+01	7.949390e+01	3.317362e+02	-2.522423e+02
295           	3.203291e+02	1.626778e+01	8.649376e+01	3.635760e+02	-2.770823e+02
300           	3.502979e+02	1.879289e+01	9.394818e+01	3.972720e+02	-3.033239e+02
305           	3.584077e+02	2.121072e+01	9.571371e+01	4.062646e+02	-3.105508e+02
310           	2.806515e+02	2.059792e+01	7.472900e+01	3.180160e+02	-2.432870e+02
315           	2.076076e+02	2.040307e+01	5.463875e+01	2.349270e+02	-1.802882e+02
320           	1.138966e+02	2.035307e+01	2.821982e+01	1.280065e+02	-9.978669e+01
325           	5.391667e+01	1.983368e+01	1.139329e+01	5.961331e+01	-4.822002e+01
330           	6.720120e+01	1.934605e+01	1.511526e+01	7.475883e+01	-5.964356e+01
335           	2.223742e+02	1.975319e+01	5.757128e+01	2.511599e+02	-1.935886e+02
340           	4.506798e+02	2.213245e+01	1.200472e+02	5.107034e+02	-3.906562e+02
345           	3.555272e+02	1.763162e+01	9.561006e+01	4.033323e+02	-3.077222e+02
350           	2.439920e+02	1.690766e+01	6.526236e+01	2.766232e+02	-2.113608e+02
355           	1.185447e+02	1.758230e+01	3.081302e+01	1.339512e+02	-1.031382e+02
360           	-2.855780e+01	1.623534e+01	-9.443745e+00	-3.327967e+01	2.383592e+01
365           	-6.436500e+01	1.492282e+01	-1.951467e+01	-7.412233e+01	5.460766e+01
370           	1.117339e+01	1.540076e+01	3.690906e-01	1.135794e+01	-1.098885e+01
375           	1.145140e+02	1.455301e+01	2.902981e+01	1.290289e+02	-9.999913e+01
380           	1.955130e+02	1.482454e+01	5.165016e+01	2.213381e+02	-1.696879e+02
385           	2.275863e+02	1.496799e+01	6.066386e+01	2.579183e+02	-1.972544e+02
390           	2.212859e+02	1.476180e+01	5.901704e+01	2.507944e+02	-1.917774e+02
395           	2.340166e+02	1.618987e+01	6.227862e+01	2.651559e+02	-2.028773e+02
400           	2.420719e+02	1.754329e+01	6.407523e+01	2.741095e+02	-2.100343e+02
405           	2.530025e+02	1.854618e+01	6.674960e+01	2.863773e+02	-2.196277e+02
410           	2.631567e+02	1.911882e+01	6.974283e+01	2.980281e+02	-2.282853e+02
415           	2.869561e+02	2.043945e+01	7.627965e+01	3.250959e+02	-2.488163e+02
420           	3.002357e+02	2.216962e+01	7.938554e+01	3.399285e+02	-2.605429e+02
425           	2.833669e+02	2.175349e+01	7.463015e+01	3.206820e+02	-2.460518e+02
430           	2.331304e+02	2.077626e+01	6.138799e+01	2.638244e+02	-2.024364e+02
435           	1.671133e+02	2.076295e+01	4.341338e+01	1.888199e+02	-1.454066e+02
440           	6.599369e+01	1.829031e+01	1.607661e+01	7.403199e+01	-5.795538e+01
445           	3.774415e+01	1.524150e+01	8.620587e+00	4.205444e+01	-3.343385e+01
450           	1.593051e+02	1.582459e+01	4.221084e+01	1.804105e+02	-1.381997e+02
455           	2.651772e+02	1.744993e+01	7.145663e+01	3.009055e+02	-2.294489e+02
460           	2.266191e+02	1.760190e+01	6.117756e+01	2.572078e+02	-1.960303e+02
465           	1.394534e+02	1.723599e+01	3.729262e+01	1.580997e+02	-1.208071e+02
470           	2.686335e+01	1.649048e+01	6.310161e+00	3.001843e+01	-2.370827e+01
475           	-3.279806e+01	1.623475e+01	-1.085686e+01	-3.822649e+01	2.736963e+01
480           	1.059624e+01	1.552284e+01	3.839372e-01	1.078820e+01	-1.040427e+01
485           	-1.789787e+01	1.223310e+01	-6.497966e+00	-2.114685e+01	1.464888e+01
490           	1.982982e+01	1.082336e+01	4.104591e+00	2.188212e+01	-1.777753e+01
495           	1.640351e+02	1.445741e+01	4.289632e+01	1.854832e+02	-1.425869e+02
500           	2.621181e+02	1.676422e+01	6.948618e+01	2.968612e+02	-2.273750e+02
505           	2.559789e+02	1.870941e+01	6.765513e+01	2.898065e+02	-2.221514e+02
510           	2.256678e+02	2.071360e+01	5.910358e+01	2.552196e+02	-1.961160e+02
515           	1.734595e+02	2.184020e+01	4.445427e+01	1.956867e+02	-1.512324e+02
520           	1.332775e+02	2.258951e+01	3.263248e+01	1.495937e+02	-1.169612e+02
525           	1.214650e+02	2.270012e+01	2.825621e+01	1.355932e+02	-1.073369e+02
530           	1.244899e+02	2.197978e+01	2.923060e+01	1.391052e+02	-1.098746e+02
535           	7.330233e+01	2.003295e+01	1.634984e+01	8.147726e+01	-6.512741e+01
540           	-2.368653e+01	1.666251e+01	-9.344857e+00	-2.835896e+01	1.901410e+01
545           	-1.574069e+02	1.249785e+01	-4.550385e+01	-1.801588e+02	1.346549e+02
550           	-2.351151e+02	1.295468e+01	-6.764558e+01	-2.689379e+02	2.012923e+02
555           	-2.936267e+02	1.627867e+01	-8.557542e+01	-3.364144e+02	2.508389e+02
560           	-2.458859e+02	1.882935e+01	-7.377260e+01	-2.827722e+02	2.089996e+02
565           	-1.514689e+02	1.866285e+01	-4.765292e+01	-1.752954e+02	1.276425e+02
570           	-1.208123e+02	1.530542e+01	-3.827035e+01	-1.399474e+02	1.016771e+02
575           	-1.325467e+02	1.262128e+01	-4.098947e+01	-1.530414e+02	1.120519e+02
580           	-1.596622e+02	1.194510e+01	-4.854305e+01	-1.839337e+02	1.353907e+02
585           	-1.828490e+02	1.165835e+01	-5.515573e+01	-2.104268e+02	1.552711e+02
590           	-1.239380e+02	1.246336e+01	-3.933721e+01	-1.436066e+02	1.042694e+02
595           	-2.265025e-01	1.465782e+01	-6.007553e+00	-3.230279e+00	-2.777274e+00
600           	1.053470e+02	1.649822e+01	2.260394e+01	1.166490e+02	-9.404508e+01
605           	1.787020e+02	1.859031e+01	4.266888e+01	2.000365e+02	-1.573676e+02
610           	1.558892e+02	2.040808e+01	3.657609e+01	1.741773e+02	-1.376012e+02
615           	8.757583e+01	2.058313e+01	1.804586e+01	9.659876e+01	-7.855290e+01
620           	1.371924e+01	2.003262e+01	-2.395805e+00	1.252134e+01	-1.491714e+01
625           	-3.639516e+01	2.087993e+01	-1.653587e+01	-4.466310e+01	2.812722e+01
630           	-4.987972e+01	2.237585e+01	-2.037388e+01	-6.006667e+01	3.969278e+01
635           	-4.714164e+01	2.127696e+01	-1.918704e+01	-5.673516e+01	3.754812e+01
640           	-7.731926e+00	1.741073e+01	-7.431813e+00	-1.144783e+01	4.016019e+00
645           	3.655355e+01	1.535762e+01	5.213855e+00	3.916048e+01	-3.394663e+01
650           	1.496266e+01	1.570162e+01	-6.035918e-01	1.466087e+01	-1.526446e+01
655           	1.663346e+01	1.804842e+01	-6.915969e-02	1.659888e+01	-1.666804e+01
660           	-1.494221e+02	1.554183e+01	-4.491920e+01	-1.718817e+02	1.269625e+02
665           	-2.679366e+02	1.155471e+01	-7.674738e+01	-3.063103e+02	2.295629e+02
670           	-2.362796e+02	1.086214e+01	-6.817935e+01	-2.703693e+02	2.021899e+02
675           	-5.287131e+01	1.500420e+01	-1.908689e+01	-6.241475e+01	4.332787e+01
680           	2.616851e+01	1.711851e+01	1.560034e+00	2.694853e+01	-2.538849e+01
685           	4.555763e+00	1.544684e+01	-3.555245e+00	2.778140e+00	-6.333385e+00
690           	4.612384e+01	1.560934e+01	8.296279e+00	5.027198e+01	-4.197570e+01
695           	6.475130e+01	1.621596e+01	1.349080e+01	7.149670e+01	-5.800590e+01
700           	3.140882e+01	1.679609e+01	4.150291e+00	3.348397e+01	-2.933367e+01
705           	-1.038643e+01	1.628832e+01	-6.977865e+00	-1.387537e+01	6.897502e+00
710           	-1.138098e+02	1.450504e+01	-3.490678e+01	-1.312632e+02	9.635639e+01
715           	-2.238401e+02	1.288016e+01	-6.487572e+01	-2.562779e+02	1.914022e+02
720           	-1.731620e+02	1.630394e+01	-5.236813e+01	-1.993460e+02	1.469779e+02
725           	-1.164621e+02	1.733546e+01	-3.757719e+01	-1.352507e+02	9.767350e+01
730           	-5.393273e+01	1.694380e+01	-1.988866e+01	-6.387706e+01	4.398840e+01
735           	8.496855e+01	1.980511e+01	1.860887e+01	9.427298e+01	-7.566412e+01
740           	1.174847e+02	1.924955e+01	2.845080e+01	1.317101e+02	-1.032593e+02
745           	8.246829e+01	1.879046e+01	1.892476e+01	9.193067e+01	-7.300592e+01
750           	7.641997e+01	1.986095e+01	1.710516e+01	8.497255e+01	-6.786739e+01
755           	6.126991e+01	2.008022e+01	1.245413e+01	6.749698e+01	-5.504285e+01
760           	9.732667e-01	1.699557e+01	-3.224973e+00	-6.392196e-01	-2.585753e+00
765           	-1.025948e+02	1.294645e+01	-3.012630e+01	-1.176580e+02	8.753168e+01
770           	-1.645242e+02	1.124787e+01	-4.668786e+01	-1.878681e+02	1.411803e+02
775           	-1.802938e+02	1.019722e+01	-5.081922e+01	-2.057034e+02	1.548842e+02
780           	-1.152747e+02	9.867400e+00	-3.291077e+01	-1.317301e+02	9.881931e+01
785           	-3.105583e+01	9.759630e+00	-9.689693e+00	-3.590068e+01	2.621099e+01
790           	5.583050e+01	1.091507e+01	1.384864e+01	6.275482e+01	-4.890618e+01
795           	1.528194e+02	1.365445e+01	4.017733e+01	1.729081e+02	-1.327308e+02
800           	1.986735e+02	1.553364e+01	5.310028e+01	2.252236e+02	-1.721233e+02
805           	1.399802e+02	1.615047e+01	3.736717e+01	1.586638e+02	-1.212966e+02
810           	9.130365e+01	1.687507e+01	2.339707e+01	1.030022e+02	-7.960512e+01
815           	5.033533e+01	1.649114e+01	1.153294e+01	5.610180e+01	-4.456886e+01
820           	-1.560664e+01	1.456322e+01	-6.786621e+00	-1.899995e+01	1.221332e+01
825           	-3.061298e+01	1.380072e+01	-1.100899e+01	-3.611748e+01	2.510848e+01
830           	1.235387e+02	1.715977e+01	3.073047e+01	1.389039e+02	-1.081735e+02
835           	1.450102e+02	1.622203e+01	3.729959e+01	1.636600e+02	-1.263604e+02
840           	2.188674e+02	1.653098e+01	5.839452e+01	2.480646e+02	-1.896701e+02
845           	2.155346e+02	1.538618e+01	5.767276e+01	2.443710e+02	-1.866982e+02
850           	1.692626e+02	1.496391e+01	4.517732e+01	1.918512e+02	-1.466739e+02
855           	1.096894e+02	1.520838e+01	2.892820e+01	1.241535e+02	-9.522535e+01
860           	1.508218e+01	1.457397e+01	3.303190e+00	1.673378e+01	-1.343059e+01
865           	-1.224477e+02	1.197328e+01	-3.385264e+01	-1.393741e+02	1.055214e+02
870           	-1.014601e+02	1.279807e+01	-2.841636e+01	-1.156683e+02	8.725196e+01
875           	-1.400448e+01	1.483537e+01	-5.549440e+00	-1.677920e+01	1.122976e+01
880           	9.054334e+01	1.484468e+01	2.228510e+01	1.016859e+02	-7.940079e+01
885           	2.243369e+02	1.552795e+01	5.891702e+01	2.537954e+02	-1.948784e+02
890           	2.676965e+02	1.506276e+01	7.163064e+01	3.035118e+02	-2.318811e+02
895           	2.503889e+02	1.579683e+01	6.713335e+01	2.839556e+02	-2.168223e+02
900           	2.076194e+02	1.700918e+01	5.527831e+01	2.352585e+02	-1.799802e+02
905           	1.371608e+02	1.723573e+01	3.600008e+01	1.551608e+02	-1.191608e+02
910           	3.882664e+01	1.587965e+01	9.364849e+00	4.350906e+01	-3.414421e+01
915           	-3.448791e+01	1.466175e+01	-1.040458e+01	-3.969020e+01	2.928562e+01
920           	3.082162e+01	1.667562e+01	6.617942e+00	3.413059e+01	-2.751265e+01
925           	9.123982e+01	1.555053e+01	2.283583e+01	1.026577e+02	-7.982190e+01
930           	1.587152e+02	1.525668e+01	4.125125e+01	1.793408e+02	-1.380895e+02
935           	2.829159e+02	1.845099e+01	7.507158e+01	3.204517e+02	-2.453801e+02
940           	2.980310e+02	1.960771e+01	7.940774e+01	3.377348e+02	-2.583271e+02
945           	2.493682e+02	2.005603e+01	6.649029e+01	2.826133e+02	-2.161230e+02
950           	1.630174e+02	1.967918e+01	4.286594e+01	1.844503e+02	-1.415844e+02
955           	6.898270e+01	1.788286e+01	1.682340e+01	7.739440e+01	-6.057100e+01
960           	1.405247e+01	1.605279e+01	2.226631e+00	1.516579e+01	-1.293916e+01
965           	-4.738528e+01	1.499547e+01	-1.448059e+01	-5.462557e+01	4.014499e+01
970           	-1.407877e+02	1.268730e+01	-3.994124e+01	-1.607583e+02	1.208171e+02
975           	-1.371186e+02	1.190997e+01	-3.943060e+01	-1.568339e+02	1.174033e+02
980           	1.830119e+01	1.498026e+01	2.326154e+00	1.946427e+01	-1.713811e+01
985           	2.345139e+02	1.866469e+01	6.158150e+01	2.653046e+02	-2.037231e+02
990           	2.560529e+02	1.833146e+01	6.799886e+01	2.900523e+02	-2.220535e+02
995           	2.040808e+02	1.843953e+01	5.377266e+01	2.309672e+02	-1.771945e+02
1000          	1.434805e+02	1.922740e+01	3.699772e+01	1.619793e+02	-1.249816e+02
1005          	6.387633e+01	1.832395e+01	1.521424e+01	7.148345e+01	-5.626921e+01
1010          	-2.347373e+01	1.437381e+01	-7.835059e+00	-2.739126e+01	1.955620e+01
1015          	-7.192944e+01	1.219247e+01	-2.049886e+01	-8.217887e+01	6.168001e+01
1020          	-1.062997e+02	1.051561e+01	-2.966643e+01	-1.211330e+02	9.146653e+01
1025          	-1.062835e+02	9.240422e+00	-2.960196e+01	-1.210845e+02	9.148250e+01
1030          	-3.005160e+01	9.433150e+00	-8.844181e+00	-3.447370e+01	2.562951e+01
1035          	5.456363e+01	9.366859e+00	1.459996e+01	6.186361e+01	-4.726365e+01
1040          	1.326853e+02	1.197289e+01	3.565680e+01	1.505137e+02	-1.148569e+02
1045          	2.068573e+02	1.533346e+01	5.552141e+01	2.346180e+02	-1.790966e+02
1050          	2.012743e+02	1.709361e+01	5.367412e+01	2.281114e+02	-1.744373e+02
1055          	2.409810e+02	1.900460e+01	6.413705e+01	2.730496e+02	-2.089125e+02
1060          	2.518733e+02	2.044044e+01	6.690031e+01	2.853234e+02	-2.184231e+02
1065          	2.488463e+02	2.132271e+01	6.582160e+01	2.817571e+02	-2.159355e+02
1070          	2.154354e+02	1.999105e+01	5.671291e+01	2.437918e+02	-1.870789e+02
1075          	1.459040e+02	1.697162e+01	3.843741e+01	1.651227e+02	-1.266853e+02
1080          	8.914068e+01	1.506935e+01	2.344924e+01	1.008653e+02	-7.741606e+01
1085          	3.099182e+01	1.350518e+01	7.648589e+00	3.481611e+01	-2.716753e+01
1090          	1.525318e+01	1.118881e+01	3.918445e+00	1.721240e+01	-1.329396e+01
1095          	9.990592e+01	1.303782e+01	2.684251e+01	1.133272e+02	-8.648467e+01
1100          	5.949555e+01	1.327401e+01	1.575658e+01	6.737384e+01	-5.161726e+01
1105          	2.610199e+01	1.454720e+01	6.211819e+00	2.920790e+01	-2.299608e+01
1110          	-9.648991e-01	1.546573e+01	-1.724002e+00	-1.826900e+00	1.028982e-01
1115          	-6.657070e+01	1.419481e+01	-2.040667e+01	-7.677403e+01	5.636737e+01
1120          	-3.804088e+01	1.292126e+01	-1.296115e+01	-4.452145e+01	3.156030e+01
1125          	1.269912e+02	1.593581e+01	3.182709e+01	1.429047e+02	-1.110776e+02
1130          	1.069583e+02	1.438428e+01	2.704628e+01	1.204815e+02	-9.343519e+01
1135          	1.499167e+02	1.449945e+01	3.918765e+01	1.695106e+02	-1.303229e+02
1140          	2.061047e+02	1.614594e+01	5.457212e+01	2.333908e+02	-1.788187e+02
1145          	1.583150e+02	1.698137e+01	4.146019e+01	1.790451e+02	-1.375850e+02
1150          	9.569724e+01	1.865969e+01	2.383746e+01	1.076160e+02	-8.377851e+01
1155          	2.247189e+01	1.849175e+01	3.274210e+00	2.410899e+01	-2.083478e+01
1160          	-4.498991e+01	1.686533e+01	-1.552298e+01	-5.275140e+01	3.722842e+01
1165          	-2.235407e+01	1.887053e+01	-1.038061e+01	-2.754437e+01	1.716377e+01
1170          	-4.759213e+00	2.036160e+01	-6.351097e+00	-7.934762e+00	1.583665e+00
1175          	-4.566313e+01	1.971991e+01	-1.740949e+01	-5.436787e+01	3.695839e+01
1180          	-1.018719e+02	1.648412e+01	-3.201684e+01	-1.178803e+02	8.586350e+01
1185          	-1.382340e+02	1.193940e+01	-4.082994e+01	-1.586490e+02	1.178191e+02
1190          	-7.802626e+01	1.163300e+01	-2.408389e+01	-9.006820e+01	6.598431e+01
1195          	4.787482e+01	1.600950e+01	9.323720e+00	5.253668e+01	-4.321296e+01
1200          	-7.347990e+01	1.487512e+01	-2.405461e+01	-8.550721e+01	6.145259e+01
1205          	-2.074583e+02	1.306184e+01	-6.112830e+01	-2.380225e+02	1.768942e+02
1210          	-2.248985e+02	1.410259e+01	-6.704112e+01	-2.584190e+02	1.913779e+02
1215          	-1.311127e+02	1.544701e+01	-4.195527e+01	-1.520904e+02	1.101351e+02
1220          	4.965442e+01	1.878197e+01	7.537870e+00	5.342336e+01	-4.588549e+01
1225          	1.453660e+02	2.238354e+01	3.337878e+01	1.620554e+02	-1.286766e+02
1230          	7.114186e+01	2.235099e+01	1.289275e+01	7.758824e+01	-6.469549e+01
1235          	1.651011e+01	2.131478e+01	-1.552915e+00	1.573366e+01	-1.728657e+01
1240          	-3.397902e+01	1.801832e+01	-1.404452e+01	-4.100128e+01	2.695676e+01
1245          	-1.127259e+02	1.241566e+01	-3.405725e+01	-1.297546e+02	9.569732e+01
1250          	-2.428795e+02	7.430576e+00	-6.924403e+01	-2.775015e+02	2.082575e+02
1255          	-2.864694e+02	7.584434e+00	-8.207874e+01	-3.275088e+02	2.454300e+02
1260          	-1.751779e+02	1.084959e+01	-5.272819e+01	-2.015420e+02	1.488138e+02
1265          	2.672490e+01	1.531985e+01	2.152931e+00	2.780137e+01	-2.564843e+01
1270          	9.558711e+01	1.582084e+01	2.144599e+01	1.063101e+02	-8.486411e+01
1275          	7.775806e+01	1.636805e+01	1.690557e+01	8.621084e+01	-6.930527e+01
1280          	4.103083e+01	1.734472e+01	6.872092e+00	4.446687e+01	-3.759478e+01
1285          	-3.047911e+01	1.701760e+01	-1.286906e+01	-3.691365e+01	2.404458e+01
1290          	-1.125039e+02	1.473671e+01	-3.556693e+01	-1.302873e+02	9.472038e+01
1295          	-1.295366e+02	1.477579e+01	-4.084922e+01	-1.499612e+02	1.091120e+02
1300          	-5.097596e+01	1.701998e+01	-2.019148e+01	-6.107170e+01	4.088022e+01
1305          	-8.352230e+00	1.846079e+01	-8.635286e+00	-1.266987e+01	4.034587e+00
1310          	3.303734e+01	1.987660e+01	2.583050e+00	3.432887e+01	-3.174582e+01
1315          	1.369240e+02	2.298295e+01	3.066720e+01	1.522576e+02	-1.215904e+02
1320          	1.773123e+02	2.590449e+01	4.128952e+01	1.979571e+02	-1.566676e+02
1325          	1.220986e+02	2.458325e+01	2.679947e+01	1.354983e+02	-1.086988e+02
1330          	1.947759e+01	2.038860e+01	1.695360e-01	1.956236e+01	-1.939282e+01
1335          	-1.177753e+02	1.678196e+01	-3.663299e+01	-1.360918e+02	9.945878e+01
1340          	-1.693002e+02	1.749319e+01	-5.130808e+01	-1.949542e+02	1.436462e+02
1345          	-1.390074e+02	1.874980e+01	-4.380980e+01	-1.609123e+02	1.171025e+02
1350          	-1.352923e+02	1.721775e+01	-4.261606e+01	-1.566003e+02	1.139843e+02
1355          	-8.705149e+01	1.643729e+01	-2.891006e+01	-1.015065e+02	7.259646e+01
1360          	6.288006e+01	1.876192e+01	1.220959e+01	6.898485e+01	-5.677526e+01
1365          	1.521641e+02	1.886254e+01	3.694893e+01	1.706386e+02	-1.336897e+02
1370          	1.582767e+02	1.900138e+01	3.912423e+01	1.778388e+02	-1.387146e+02
1375          	1.223334e+02	1.897051e+01	2.946950e+01	1.370682e+02	-1.075987e+02
1380          	2.381761e+01	1.674631e+01	3.003722e+00	2.531947e+01	-2.231575e+01
1385          	-1.133943e+02	1.338655e+01	-3.367233e+01	-1.302304e+02	9.655812e+01
1390          	-1.659191e+02	1.205376e+01	-4.768924e+01	-1.897637e+02	1.420744e+02
1395          	-1.570941e+02	1.170046e+01	-4.529127e+01	-1.797397e+02	1.344484e+02
1400          	-1.022574e+02	1.004716e+01	-2.985406e+01	-1.171844e+02	8.733036e+01
1405          	-2.759570e+01	1.002037e+01	-9.241519e+00	-3.221646e+01	2.297494e+01
1410          	5.172541e+01	1.300380e+01	1.187807e+01	5.766445e+01	-4.578638e+01
1415          	1.971022e+02	1.807128e+01	5.061994e+01	2.224122e+02	-1.717922e+02
1420          	2.324509e+02	2.047213e+01	6.004058e+01	2.624712e+02	-2.024306e+02
1425          	2.406704e+02	2.095734e+01	6.235006e+01	2.718454e+02	-2.094954e+02
1430          	1.756785e+02	1.979380e+01	4.500059e+01	1.981788e+02	-1.531782e+02
1435          	7.465345e+01	1.761803e+01	1.807733e+01	8.369212e+01	-6.561479e+01
1440          	-1.287815e+01	1.660520e+01	-5.698026e+00	-1.572716e+01	1.002914e+01
1445          	-9.541066e+01	1.631299e+01	-2.895469e+01	-1.098880e+02	8.093331e+01
1450          	-1.527404e+02	1.516594e+01	-4.486035e+01	-1.751706e+02	1.303102e+02
1455          	-1.419326e+02	1.437311e+01	-4.175323e+01	-1.628092e+02	1.210560e+02
1460          	-4.464648e+01	1.539660e+01	-1.533242e+01	-5.231269e+01	3.698027e+01
1465          	1.211180e+02	1.938516e+01	2.946131e+01	1.358487e+02	-1.063874e+02
1470          	8.983452e+01	1.775262e+01	2.181230e+01	1.007407e+02	-7.892837e+01
1475          	-8.499838e+00	1.661260e+01	-4.593160e+00	-1.079642e+01	6.203258e+00
1480          	-8.604450e+01	1.697264e+01	-2.672079e+01	-9.940490e+01	7.268411e+01
1485          	-1.408736e+02	1.449158e+01	-4.180729e+01	-1.617772e+02	1.199699e+02
1490          	-1.292875e+02	1.437063e+01	-3.873854e+01	-1.486568e+02	1.099182e+02
1495          	-8.188296e+01	1.391221e+01	-2.563143e+01	-9.469868e+01	6.906725e+01
1500          	1.897795e+00	1.448390e+01	-2.832744e+00	4.814229e-01	-3.314166e+00
1505          	7.470426e+01	1.494619e+01	1.730620e+01	8.335736e+01	-6.605116e+01
1510          	1.249177e+02	1.473199e+01	3.155683e+01	1.406961e+02	-1.091393e+02
1515          	1.259983e+02	1.430458e+01	3.233518e+01	1.421659e+02	-1.098307e+02
1520          	1.164806e+02	1.536881e+01	2.984522e+01	1.314032e+02	-1.015580e+02
1525          	1.018610e+02	1.674544e+01	2.576370e+01	1.147428e+02	-8.897911e+01
1530          	8.016862e+01	1.769162e+01	1.962571e+01	8.998148e+01	-7.035577e+01
1535          	3.380128e+01	1.889358e+01	6.522266e+00	3.706242e+01	-3.054015e+01
1540          	1.087652e+01	1.853701e+01	-2.517107e-01	1.075066e+01	-1.100237e+01
1545          	-5.661660e+00	1.664061e+01	-5.409547e+00	-8.366433e+00	2.956886e+00
1550          	-3.547828e+01	1.524887e+01	-1.326225e+01	-4.210941e+01	2.884716e+01
1555          	-1.379507e+02	1.332102e+01	-4.107185e+01	-1.584866e+02	1.174148e+02
1560          	-1.934420e+02	1.167120e+01	-5.606613e+01	-2.214751e+02	1.654089e+02
1565          	-9.199191e+01	1.381526e+01	-2.903278e+01	-1.065083e+02	7.747552e+01
1570          	1.523431e+02	1.952644e+01	3.635971e+01	1.705230e+02	-1.341632e+02
1575          	2.577739e+02	2.278117e+01	6.513587e+01	2.903418e+02	-2.252059e+02
1580          	1.545317e+02	2.108021e+01	3.784130e+01	1.734523e+02	-1.356110e+02
1585          	2.551537e+01	1.892174e+01	3.257205e+00	2.714397e+01	-2.388677e+01
1590          	-4.882624e+01	1.811612e+01	-1.713925e+01	-5.739587e+01	4.025662e+01
1595          	-1.097715e+02	1.890547e+01	-3.495943e+01	-1.272512e+02	9.229177e+01
1600          	-1.899363e+02	1.585472e+01	-5.715877e+01	-2.185157e+02	1.613569e+02
1605          	-2.221876e+02	1.208600e+01	-6.552417e+01	-2.549497e+02	1.894255e+02
1610          	-1.251247e+02	1.240223e+01	-3.878630e+01	-1.445178e+02	1.057315e+02
1615          	1.689120e+02	1.901713e+01	4.107093e+01	1.894474e+02	-1.483765e+02
1620          	2.318995e+02	1.975524e+01	5.906207e+01	2.614305e+02	-2.023685e+02
1625          	1.592410e+02	1.879033e+01	3.950541e+01	1.789937e+02	-1.394883e+02
1630          	9.095554e+01	1.836061e+01	2.058778e+01	1.012494e+02	-8.066165e+01
1635          	2.996643e+01	1.719133e+01	3.888408e+00	3.191064e+01	-2.802223e+01
1640          	-6.726499e+01	1.494744e+01	-2.204134e+01	-7.828566e+01	5.624432e+01
1645          	-1.296807e+02	1.348089e+01	-3.867339e+01	-1.490174e+02	1.103440e+02
1650          	-1.468513e+02	1.346983e+01	-4.359915e+01	-1.686509e+02	1.250517e+02
1655          	-1.286435e+02	1.238385e+01	-3.832104e+01	-1.478040e+02	1.094829e+02
1660          	-4.256411e+01	1.251262e+01	-1.455222e+01	-4.984022e+01	3.528800e+01
1665          	3.280023e+01	1.371136e+01	6.154616e+00	3.587753e+01	-2.972292e+01
1670          	5.760183e+01	1.551421e+01	1.290418e+01	6.405392e+01	-5.114974e+01
1675          	7.604505e+01	1.672675e+01	1.757536e+01	8.483272e+01	-6.725737e+01
1680          	8.863310e+01	1.794404e+01	2.084670e+01	9.905646e+01	-7.820975e+01
1685          	7.913654e+01	1.905375e+01	1.823023e+01	8.825165e+01	-7.002142e+01
1690          	2.766429e+01	1.811393e+01	4.427124e+00	2.987785e+01	-2.545072e+01
1695          	-8.342786e+01	1.515927e+01	-2.529020e+01	-9.607296e+01	7.078276e+01
1700          	-1.660728e+02	1.319815e+01	-4.762463e+01	-1.898852e+02	1.422605e+02
1705          	-1.835148e+02	1.422972e+01	-5.369493e+01	-2.103622e+02	1.566673e+02
1710          	-1.697942e+02	1.266132e+01	-5.061928e+01	-1.951038e+02	1.444845e+02
1715          	-5.166242e+01	1.247959e+01	-1.809979e+01	-6.071232e+01	4.261253e+01
1720          	1.395959e+02	1.633690e+01	3.381942e+01	1.565056e+02	-1.226861e+02
1725          	3.354896e+02	2.091676e+01	8.725043e+01	3.791148e+02	-2.918644e+02
1730          	4.316672e+02	2.485951e+01	1.138293e+02	4.885819e+02	-3.747526e+02
1735          	3.617611e+02	2.467085e+01	9.564140e+01	4.095818e+02	-3.139404e+02
1740          	2.677409e+02	2.319160e+01	7.031964e+01	3.029007e+02	-2.325811e+02
1745          	1.226735e+02	2.062907e+01	3.079024e+01	1.380687e+02	-1.072784e+02
1750          	6.681718e+01	1.843724e+01	1.563050e+01	7.463244e+01	-5.900193e+01
1755          	6.972923e+01	1.618922e+01	1.566847e+01	7.756347e+01	-6.189500e+01
1760          	9.706800e+01	1.332004e+01	2.441095e+01	1.092735e+02	-8.486253e+01
1765          	1.292032e+02	1.283282e+01	3.435509e+01	1.463808e+02	-1.120257e+02
1770          	1.813903e+02	1.358514e+01	4.936549e+01	2.060730e+02	-1.567075e+02
1775          	1.479228e+02	1.209989e+01	4.101798e+01	1.684317e+02	-1.274138e+02
1780          	1.138263e+02	1.157283e+01	3.176924e+01	1.297109e+02	-9.794165e+01
1785          	9.411736e+01	1.269204e+01	2.627924e+01	1.072570e+02	-8.097774e+01
1790          	7.834744e+01	1.443814e+01	2.172650e+01	8.921069e+01	-6.748419e+01
1795          	3.603285e+01	1.547612e+01	9.662065e+00	4.086388e+01	-3.120181e+01
1800          	-4.903819e+01	1.423426e+01	-1.460409e+01	-5.634024e+01	4.173615e+01
1805          	-2.363485e+01	1.326348e+01	-8.585677e+00	-2.792768e+01	1.934201e+01
1810          	1.485482e+02	1.513134e+01	3.827626e+01	1.676864e+02	-1.294101e+02
1815          	1.725455e+02	1.406840e+01	4.587138e+01	1.954811e+02	-1.496098e+02
1820          	2.424657e+02	1.536946e+01	6.550263e+01	2.752171e+02	-2.097144e+02
1825          	2.221720e+02	1.543015e+01	6.030075e+01	2.523224e+02	-1.920217e+02
1830          	1.670133e+02	1.638461e+01	4.513128e+01	1.895789e+02	-1.444477e+02
1835          	1.177776e+02	1.757826e+01	3.113142e+01	1.333433e+02	-1.022118e+02
1840          	4.078803e+01	1.683637e+01	9.514473e+00	4.554527e+01	-3.603080e+01
1845          	-2.656870e+01	1.424210e+01	-9.036342e+00	-3.108687e+01	2.205053e+01
1850          	1.396170e+02	1.667470e+01	3.619141e+01	1.577127e+02	-1.215213e+02
1855          	1.759225e+02	1.541153e+01	4.676748e+01	1.993062e+02	-1.525388e+02
1860          	1.508441e+02	1.355587e+01	4.062169e+01	1.711549e+02	-1.305333e+02
1865          	2.046969e+02	1.493423e+01	5.552470e+01	2.324592e+02	-1.769345e+02
1870          	1.933742e+02	1.499995e+01	5.265602e+01	2.197022e+02	-1.670462e+02
1875          	1.728712e+02	1.638772e+01	4.650675e+01	1.961246e+02	-1.496179e+02
1880          	1.513592e+02	1.749878e+01	4.001104e+01	1.713647e+02	-1.313537e+02
1885          	1.030139e+02	1.715528e+01	2.670174e+01	1.163647e+02	-8.966300e+01
1890          	1.271592e+01	1.451188e+01	2.553226e+00	1.399253e+01	-1.143931e+01
1895          	-4.452819e+01	1.272320e+01	-1.287863e+01	-5.096750e+01	3.808887e+01
1900          	-1.704358e+01	1.466992e+01	-6.320139e+00	-2.020365e+01	1.388351e+01
1905          	-2.414106e+01	1.344995e+01	-8.462879e+00	-2.837250e+01	1.990962e+01
1910          	-1.607955e+01	1.263358e+01	-6.123818e+00	-1.914146e+01	1.301764e+01
1915          	1.242955e+02	1.634774e+01	3.205280e+01	1.403219e+02	-1.082691e+02
1920          	2.124875e+02	1.938805e+01	5.599090e+01	2.404829e+02	-1.844920e+02
1925          	1.808749e+02	2.069847e+01	4.729566e+01	2.045228e+02	-1.572271e+02
1930          	1.576924e+02	2.136658e+01	4.107296e+01	1.782289e+02	-1.371560e+02
1935          	1.475836e+02	1.999937e+01	3.898648e+01	1.670768e+02	-1.280903e+02
1940          	4.819124e+01	1.696387e+01	1.171263e+01	5.404755e+01	-4.233492e+01
1945          	-5.028758e+01	1.356469e+01	-1.544131e+01	-5.800824e+01	4.256693e+01
1950          	-7.043036e+01	1.256212e+01	-2.116714e+01	-8.101394e+01	5.984679e+01
1955          	-1.024749e+02	1.128732e+01	-2.992977e+01	-1.174397e+02	8.750997e+01
1960          	-7.683744e+01	9.511462e+00	-2.248824e+01	-8.808156e+01	6.559332e+01
1965          	3.155265e+01	1.058546e+01	7.192107e+00	3.514870e+01	-2.795659e+01
1970          	1.298055e+02	1.244647e+01	3.374685e+01	1.466789e+02	-1.129321e+02
1975          	2.588143e+02	1.671117e+01	6.828702e+01	2.929578e+02	-2.246708e+02
1980          	4.034636e+02	2.267166e+01	1.068114e+02	4.568693e+02	-3.500579e+02
1985          	3.641358e+02	2.528080e+01	9.558985e+01	4.119307e+02	-3.163409e+02
1990          	3.263047e+02	2.454503e+01	8.565944e+01	3.691344e+02	-2.834750e+02
1995          	2.672680e+02	2.217645e+01	7.024607e+01	3.023911e+02	-2.321450e+02
2000          	1.824995e+02	1.801994e+01	4.784797e+01	2.064235e+02	-1.585755e+02
2005          	1.238632e+02	1.589613e+01	3.220515e+01	1.399658e+02	-1.077606e+02
2010          	6.501440e+01	1.489732e+01	1.618501e+01	7.310691e+01	-5.692190e+01
2015          	9.515312e+00	1.265533e+01	1.597893e+00	1.031426e+01	-8.716366e+00
2020          	8.842737e+01	1.315831e+01	2.343632e+01	1.001455e+02	-7.670921e+01
2025          	1.797383e+02	1.504323e+01	4.823720e+01	2.038569e+02	-1.556197e+02
2030          	1.024334e+02	1.402594e+01	2.709104e+01	1.159789e+02	-8.888783e+01
2035          	-2.416053e+01	1.179818e+01	-7.374359e+00	-2.784771e+01	2.047335e+01
2040          	-9.952735e+01	1.039328e+01	-2.795932e+01	-1.135070e+02	8.554769e+01
2045          	-5.221494e+01	1.205469e+01	-1.575606e+01	-6.009297e+01	4.433691e+01
2050          	3.490474e+01	1.320703e+01	7.582693e+00	3.869609e+01	-3.111340e+01
2055          	1.623890e+02	1.567582e+01	4.222595e+01	1.835020e+02	-1.412760e+02
2060          	2.008067e+02	1.709729e+01	5.273863e+01	2.271760e+02	-1.744374e+02
2065          	1.322682e+02	1.739631e+01	3.408285e+01	1.493097e+02	-1.152268e+02
2070          	3.879010e+01	1.755255e+01	8.457480e+00	4.301884e+01	-3.456135e+01
2075          	-2.458194e+01	1.818373e+01	-9.598216e+00	-2.938105e+01	1.978283e+01
2080          	-4.461923e+01	1.894258e+01	-1.618985e+01	-5.271415e+01	3.652430e+01
2085          	-8.544997e+01	1.866978e+01	-2.803677e+01	-9.946835e+01	7.143158e+01
2090          	-1.038440e+02	1.772558e+01	-3.282258e+01	-1.202553e+02	8.743271e+01
2095          	-1.418049e+02	1.347139e+01	-4.210130e+01	-1.628556e+02	1.207543e+02
2100          	-1.647870e+02	1.011969e+01	-4.801863e+01	-1.887963e+02	1.407777e+02
2105          	-9.305319e+01	1.117131e+01	-2.900328e+01	-1.075548e+02	7.855155e+01
2110          	-5.235672e+01	1.310015e+01	-1.840100e+01	-6.155722e+01	4.315623e+01
2115          	-8.797566e+01	1.239271e+01	-2.812858e+01	-1.020399e+02	7.391137e+01
2120          	-2.945784e+01	1.329182e+01	-1.195811e+01	-3.543689e+01	2.347878e+01
2125          	9.160311e+01	1.707111e+01	2.100648e+01	1.021063e+02	-8.109987e+01
2130          	5.218114e+01	1.862815e+01	1.006771e+01	5.721500e+01	-4.714728e+01
2135          	-4.608148e+01	1.907818e+01	-1.733919e+01	-5.475107e+01	3.741188e+01
2140          	-1.035802e+02	1.939902e+01	-3.380451e+01	-1.204825e+02	8.667794e+01
2145          	-1.332955e+02	1.979117e+01	-4.326982e+01	-1.549304e+02	1.116606e+02
2150          	-1.410018e+02	1.854303e+01	-4.550786e+01	-1.637558e+02	1.182479e+02
2155          	-1.478119e+02	1.692318e+01	-4.672678e+01	-1.711753e+02	1.244485e+02
2160          	-1.981423e+02	1.429335e+01	-5.969436e+01	-2.279894e+02	1.682951e+02
2165          	-2.623791e+02	1.219884e+01	-7.698967e+01	-3.008739e+02	2.238842e+02
2170          	-3.168575e+02	1.167571e+01	-9.249880e+01	-3.631069e+02	2.706081e+02
2175          	-3.253606e+02	1.268861e+01	-9.594357e+01	-3.733324e+02	2.773888e+02
2180          	-2.326755e+02	1.483520e+01	-7.117188e+01	-2.682614e+02	1.970895e+02
2185          	-1.149167e+02	1.378454e+01	-3.837532e+01	-1.341044e+02	9.572909e+01
2190          	-4.232683e+01	1.328692e+01	-1.847996e+01	-5.156681e+01	3.308685e+01
2195          	6.672606e-01	1.538217e+01	-6.670389e+00	-2.667934e+00	-4.002455e+00
2200          	2.261651e+00	1.666074e+01	-6.267145e+00	-8.719216e-01	-5.395223e+00
2205          	1.828819e+01	1.601175e+01	-1.349819e+00	1.761328e+01	-1.896310e+01
2210          	7.677004e+01	1.690890e+01	1.462295e+01	8.408152e+01	-6.945857e+01
2215          	6.637110e+01	1.753681e+01	1.182431e+01	7.228326e+01	-6.045895e+01
2220          	2.732658e+00	1.712722e+01	-5.311179e+00	7.706861e-02	-5.388248e+00
2225          	-1.033323e+02	1.630597e+01	-3.423499e+01	-1.204498e+02	8.621484e+01
2230          	-1.255974e+02	1.645264e+01	-4.057054e+01	-1.458826e+02	1.053121e+02
2235          	-1.337640e+02	1.687304e+01	-4.316128e+01	-1.553447e+02	1.121834e+02
2240          	-1.445503e+02	1.668273e+01	-4.590721e+01	-1.675039e+02	1.215967e+02
2245          	-1.042176e+02	1.732581e+01	-3.465522e+01	-1.215452e+02	8.688999e+01
2250          	4.334473e+01	1.981972e+01	5.441465e+00	4.606546e+01	-4.062400e+01
2255          	8.607118e+01	2.135705e+01	1.732377e+01	9.473306e+01	-7.740929e+01
2260          	-1.542246e+01	1.879306e+01	-9.700516e+00	-2.027272e+01	1.057221e+01
2265          	-1.328309e+02	1.481429e+01	-4.099050e+01	-1.533262e+02	1.123357e+02
2270          	-2.179539e+02	1.285107e+01	-6.398024e+01	-2.499440e+02	1.859637e+02
2275          	-2.728329e+02	1.294281e+01	-7.936298e+01	-3.125144e+02	2.331514e+02
2280          	-2.661734e+02	1.283801e+01	-7.771256e+01	-3.050297e+02	2.273171e+02
2285          	-8.932520e+01	1.539580e+01	-2.984572e+01	-1.042481e+02	7.440234e+01
2290          	-1.099206e+01	1.618922e+01	-8.294965e+00	-1.513955e+01	6.844580e+00
2295          	-5.413203e+01	1.630430e+01	-1.995422e+01	-6.410914e+01	4.415492e+01
2300          	-4.913015e+01	1.764097e+01	-1.881689e+01	-5.853859e+01	3.972171e+01
2305          	-1.070982e+01	1.938847e+01	-8.710364e+00	-1.506501e+01	6.354642e+00
2310          	-2.700764e+01	1.873335e+01	-1.307322e+01	-3.354425e+01	2.047103e+01
2315          	-4.674108e+01	1.716899e+01	-1.804212e+01	-5.576214e+01	3.772002e+01
2320          	-8.212486e+01	1.738190e+01	-2.740171e+01	-9.582571e+01	6.842401e+01
2325          	-1.311612e+02	1.639226e+01	-4.036788e+01	-1.513451e+02	1.109772e+02
2330          	-9.335548e+01	1.587243e+01	-2.972968e+01	-1.082203e+02	7.849064e+01
2335          	2.842773e+01	1.758962e+01	3.441888e+00	3.014868e+01	-2.670679e+01
2340          	4.829008e+01	1.731127e+01	8.715483e+00	5.264782e+01	-4.393233e+01
2345          	3.154766e+01	1.724412e+01	4.217715e+00	3.365652e+01	-2.943880e+01
2350          	-2.861508e+01	1.694755e+01	-1.182484e+01	-3.452750e+01	2.270267e+01
2355          	-1.329747e+02	1.541269e+01	-3.976943e+01	-1.528594e+02	1.130900e+02
2360          	-2.434566e+02	1.315850e+01	-6.970709e+01	-2.783102e+02	2.086031e+02
2365          	-2.530983e+02	1.279052e+01	-7.289213e+01	-2.895443e+02	2.166522e+02
2370          	-2.400867e+02	1.179428e+01	-6.938062e+01	-2.747770e+02	2.053964e+02
2375          	-2.003950e+02	1.105095e+01	-5.841111e+01	-2.296006e+02	1.711894e+02
2380          	-5.731420e+01	1.367616e+01	-2.014260e+01	-6.738550e+01	4.724289e+01
2385          	8.618101e+01	1.560076e+01	1.883963e+01	9.560083e+01	-7.676120e+01
2390          	1.324318e+02	1.564873e+01	3.178833e+01	1.483259e+02	-1.165376e+02
2395          	1.277484e+02	1.659178e+01	3.074629e+01	1.431216e+02	-1.123753e+02
2400          	8.998887e+01	1.770775e+01	2.066221e+01	1.003200e+02	-7.965777e+01
2405          	7.849859e+00	1.760873e+01	-1.550365e+00	7.074676e+00	-8.625041e+00
2410          	-1.068511e+02	1.563206e+01	-3.282505e+01	-1.232636e+02	9.043858e+01
2415          	-1.553784e+02	1.438438e+01	-4.632002e+01	-1.785384e+02	1.322184e+02
2420          	-5.252589e+01	1.628702e+01	-1.921609e+01	-6.213394e+01	4.291785e+01
2425          	2.161455e+01	1.547532e+01	1.372438e+00	2.230077e+01	-2.092834e+01
2430          	1.048948e+02	1.560042e+01	2.474073e+01	1.172652e+02	-9.252448e+01
2435          	1.867988e+02	1.731863e+01	4.749545e+01	2.105466e+02	-1.630511e+02
2440          	1.676400e+02	1.785111e+01	4.248935e+01	1.888846e+02	-1.463953e+02
2445          	1.196192e+02	1.818858e+01	2.937276e+01	1.343056e+02	-1.049328e+02
2450          	4.229369e+01	1.750588e+01	8.427053e+00	4.650722e+01	-3.808016e+01
2455          	-6.078207e+01	1.512950e+01	-1.929370e+01	-7.042892e+01	5.113522e+01
2460          	-1.150823e+02	1.332787e+01	-3.377261e+01	-1.319686e+02	9.819604e+01
2465          	-1.259077e+02	1.262580e+01	-3.683222e+01	-1.443239e+02	1.074916e+02
2470          	-8.060063e+01	1.220198e+01	-2.456277e+01	-9.288202e+01	6.831925e+01
2475          	5.887105e+01	1.460053e+01	1.303505e+01	6.538857e+01	-5.235352e+01
2480          	1.738413e+02	1.671911e+01	4.437768e+01	1.960301e+02	-1.516524e+02
2485          	1.704967e+02	1.730328e+01	4.353040e+01	1.922619e+02	-1.487315e+02
2490          	1.413947e+02	1.813843e+01	3.556828e+01	1.591788e+02	-1.236106e+02
2495          	7.432158e+01	1.796972e+01	1.737295e+01	8.300805e+01	-6.563510e+01
2500          	-2.540402e+01	1.618105e+01	-9.721111e+00	-3.026457e+01	2.054346e+01
2505          	-1.064489e+02	1.430933e+01	-3.181618e+01	-1.223570e+02	9.054084e+01
2510          	-1.626132e+02	1.344564e+01	-4.745165e+01	-1.863390e+02	1.388874e+02
2515          	-1.839177e+02	1.259727e+01	-5.357415e+01	-2.107048e+02	1.571306e+02
2520          	-9.227860e+01	1.283964e+01	-2.876430e+01	-1.066607e+02	7.789644e+01
2525          	1.718488e+01	1.338034e+01	1.289580e+00	1.782967e+01	-1.654009e+01
2530          	1.234244e+02	1.611180e+01	3.027844e+01	1.385636e+02	-1.082852e+02
2535          	7.585157e+01	1.687694e+01	1.746533e+01	8.458424e+01	-6.711891e+01
2540          	-3.981052e+01	1.601697e+01	-1.419768e+01	-4.690936e+01	3.271168e+01
2545          	-1.257709e+02	1.401170e+01	-3.777943e+01	-1.446606e+02	1.068811e+02
2550          	-1.803284e+02	1.281580e+01	-5.316659e+01	-2.069117e+02	1.537451e+02
2555          	-2.223810e+02	1.154178e+01	-6.489887e+01	-2.548305e+02	1.899316e+02
2560          	-1.375016e+02	1.219834e+01	-4.188916e+01	-1.584462e+02	1.165571e+02
2565          	1.082290e+02	1.789207e+01	2.434322e+01	1.204006e+02	-9.605740e+01
2570          	1.583011e+02	1.997553e+01	3.782579e+01	1.772140e+02	-1.393882e+02
2575          	4.699002e+01	1.843148e+01	7.797090e+00	5.088856e+01	-4.309147e+01
2580          	-4.588034e+01	1.680386e+01	-1.745741e+01	-5.460904e+01	3.715163e+01
2585          	-1.452588e+02	1.577893e+01	-4.501841e+01	-1.677680e+02	1.227496e+02
2590          	-1.902313e+02	1.452876e+01	-5.707074e+01	-2.187667e+02	1.616960e+02
2595          	-1.816577e+02	1.244947e+01	-5.400548e+01	-2.086604e+02	1.546549e+02
2600          	-1.146610e+02	1.125400e+01	-3.568499e+01	-1.325035e+02	9.681851e+01
2605          	-1.604812e+01	1.246155e+01	-9.101377e+00	-2.059881e+01	1.149743e+01
2610          	2.809261e+01	1.449635e+01	3.095619e+00	2.964042e+01	-2.654480e+01
2615          	4.889637e+01	1.555658e+01	8.920150e+00	5.335644e+01	-4.443629e+01
2620          	9.495946e+01	1.617638e+01	2.170206e+01	1.058105e+02	-8.410843e+01
2625          	9.668888e+01	1.661702e+01	2.224093e+01	1.078094e+02	-8.556842e+01
2630          	8.731156e+01	1.759270e+01	1.968107e+01	9.715209e+01	-7.747102e+01
2635          	5.089576e+01	1.811375e+01	9.735490e+00	5.576351e+01	-4.602802e+01
2640          	-3.569995e+01	1.702141e+01	-1.383368e+01	-4.261679e+01	2.878311e+01
2645          	-1.340378e+02	1.512896e+01	-4.057956e+01	-1.543275e+02	1.137480e+02
2650          	-1.862573e+02	1.498279e+01	-5.526509e+01	-2.138898e+02	1.586247e+02
2655          	-1.958492e+02	1.585983e+01	-5.874229e+01	-2.252203e+02	1.664780e+02
2660          	-1.707581e+02	1.511050e+01	-5.204764e+01	-1.967820e+02	1.447343e+02
2665          	-1.252778e+02	1.405603e+01	-3.916991e+01	-1.448627e+02	1.056928e+02
2670          	1.695852e+01	1.648820e+01	-4.698588e-02	1.693503e+01	-1.698201e+01
2675          	5.555919e+01	1.746546e+01	1.084499e+01	6.098169e+01	-5.013670e+01
2680          	-2.711815e+01	1.703342e+01	-1.178536e+01	-3.301083e+01	2.122547e+01
2685          	-1.099042e+02	1.602312e+01	-3.461699e+01	-1.272127e+02	9.259572e+01
2690          	-2.168971e+02	1.354382e+01	-6.385154e+01	-2.488229e+02	1.849714e+02
2695          	-2.682037e+02	1.208371e+01	-7.788493e+01	-3.071462e+02	2.292612e+02
2700          	-2.149788e+02	1.305806e+01	-6.383027e+01	-2.468939e+02	1.830637e+02
2705          	-9.542048e+01	1.360150e+01	-3.125957e+01	-1.110503e+02	7.979069e+01
2710          	-6.864373e+00	1.387310e+01	-6.644593e+00	-1.018667e+01	3.542077e+00
2715          	4.947407e+01	1.386525e+01	9.298716e+00	5.412343e+01	-4.482471e+01
2720          	4.519514e+01	1.274538e+01	8.838332e+00	4.961431e+01	-4.077598e+01
2725          	3.152284e+01	1.294056e+01	5.275445e+00	3.416057e+01	-2.888512e+01
2730          	3.280430e+01	1.421792e+01	5.399778e+00	3.550419e+01	-3.010441e+01
2735          	4.510114e+01	1.536915e+01	8.338554e+00	4.927042e+01	-4.093187e+01
2740          	6.254210e+01	1.664428e+01	1.265215e+01	6.886817e+01	-5.621603e+01
2745          	9.174020e+01	1.850759e+01	2.024220e+01	1.018613e+02	-8.161910e+01
2750          	1.170591e+02	1.866796e+01	2.745152e+01	1.307849e+02	-1.033334e+02
2755          	8.557092e+01	1.699876e+01	1.960586e+01	9.537385e+01	-7.576799e+01
2760          	4.477727e+01	1.629842e+01	8.685345e+00	4.911994e+01	-4.043460e+01
2765          	4.336958e+00	1.477051e+01	-2.045525e+00	3.314196e+00	-5.359720e+00
2770          	9.358960e+01	1.612550e+01	2.241965e+01	1.047994e+02	-8.237978e+01
2775          	1.643160e+02	1.771025e+01	4.197981e+01	1.853059e+02	-1.433261e+02
2780          	1.146511e+02	1.744251e+01	2.884304e+01	1.290726e+02	-1.002295e+02
2785          	6.556985e+01	1.766469e+01	1.575957e+01	7.344964e+01	-5.769006e+01
2790          	-1.834105e+01	1.702259e+01	-6.897458e+00	-2.178978e+01	1.489232e+01
2795          	-1.150907e+02	1.492084e+01	-3.329645e+01	-1.317390e+02	9.844252e+01
2800          	-1.418337e+02	1.365423e+01	-4.072435e+01	-1.621959e+02	1.214716e+02
2805          	-1.480206e+02	1.303977e+01	-4.300537e+01	-1.695233e+02	1.265179e+02
2810          	-1.437104e+02	1.006201e+01	-4.147213e+01	-1.644465e+02	1.229743e+02
2815          	-2.416302e+01	1.087936e+01	-8.883306e+00	-2.860467e+01	1.972137e+01
2820          	1.175259e+02	1.327548e+01	2.966985e+01	1.323608e+02	-1.026910e+02
2825          	1.401650e+02	1.372404e+01	3.610896e+01	1.582195e+02	-1.221105e+02
2830          	1.018200e+02	1.440843e+01	2.574818e+01	1.146941e+02	-8.894594e+01
2835          	5.070762e+01	1.538322e+01	1.144859e+01	5.643192e+01	-4.498333e+01
2840          	-3.867545e-01	1.591070e+01	-3.130885e+00	-1.952197e+00	-1.178688e+00
2845          	-5.460947e+01	1.593093e+01	-1.857093e+01	-6.389494e+01	4.532400e+01
2850          	-2.084348e+01	1.768831e+01	-1.017145e+01	-2.592921e+01	1.575776e+01
2855          	3.407268e+01	1.933162e+01	4.221743e+00	3.618355e+01	-3.196181e+01
2860          	1.302590e+01	1.817069e+01	-1.190186e+00	1.243080e+01	-1.362099e+01
2865          	-1.952212e+01	1.575579e+01	-9.384293e+00	-2.421426e+01	1.482997e+01
2870          	2.985827e+01	1.443347e+01	4.920967e+00	3.231875e+01	-2.739778e+01
2875          	1.504372e+02	1.707456e+01	3.775965e+01	1.693170e+02	-1.315574e+02
2880          	9.325234e+01	1.671861e+01	2.212268e+01	1.043137e+02	-8.219100e+01
2885          	-3.319352e+01	1.545474e+01	-1.247790e+01	-3.943247e+01	2.695457e+01
2890          	-1.472173e+02	1.420894e+01	-4.382072e+01	-1.691277e+02	1.253070e+02
2895          	-1.927183e+02	1.481822e+01	-5.696008e+01	-2.211983e+02	1.642382e+02
2900          	-1.654414e+02	1.458971e+01	-4.977003e+01	-1.903264e+02	1.405563e+02
2905          	-1.208704e+02	1.363042e+01	-3.714542e+01	-1.394431e+02	1.022977e+02
2910          	-8.928110e+01	1.240532e+01	-2.791542e+01	-1.032388e+02	7.532339e+01
2915          	-4.023429e+01	1.268576e+01	-1.429324e+01	-4.738090e+01	3.308767e+01
2920          	-1.490991e+01	1.234731e+01	-7.140191e+00	-1.848000e+01	1.133981e+01
2925          	-6.193428e-01	1.218501e+01	-3.219181e+00	-2.228933e+00	-9.902475e-01
2930          	1.972915e+01	1.290208e+01	2.073904e+00	2.076610e+01	-1.869220e+01
2935          	2.738707e+01	1.315012e+01	4.024737e+00	2.939944e+01	-2.537470e+01
2940          	3.632031e+01	1.436525e+01	6.207420e+00	3.942402e+01	-3.321660e+01
2945          	7.007487e+01	1.675576e+01	1.497391e+01	7.756183e+01	-6.258792e+01
2950          	7.784459e+01	1.886894e+01	1.663545e+01	8.616231e+01	-6.952686e+01
2955          	8.383002e+01	1.936901e+01	1.817802e+01	9.291903e+01	-7.474100e+01
2960          	5.298598e+01	1.836846e+01	1.022668e+01	5.809932e+01	-4.787264e+01
2965          	-2.636151e+00	1.672263e+01	-4.564725e+00	-4.918514e+00	3.537890e-01
2970          	-3.963015e+01	1.461363e+01	-1.406759e+01	-4.666394e+01	3.259635e+01
2975          	5.342272e+01	1.600563e+01	1.152886e+01	5.918715e+01	-4.765829e+01
2980          	1.216177e+02	1.803486e+01	3.009714e+01	1.366663e+02	-1.065691e+02
2985          	8.622459e+01	1.881836e+01	2.012750e+01	9.628834e+01	-7.616084e+01
2990          	4.018396e+01	1.864050e+01	7.533749e+00	4.395084e+01	-3.641709e+01
2995          	-2.289841e+01	1.705457e+01	-9.824238e+00	-2.781053e+01	1.798629e+01
3000          	-7.523984e+01	1.469055e+01	-2.373362e+01	-8.710665e+01	6.337303e+01
