16.0,205.8
16.5,204.0
16.5,202.0
16.5,200.0
17.0,197.8
17.5,196.0
18.0,193.5
19.0,190.8
19.5,189.0
20.5,187.0
21.5,185.0
22.5,183.0
24.0,180.8
25.0,178.5
26.5,176.5
28.0,174.5
29.5,172.5
31.0,170.5
33.0,168.0
35.0,166.0
37.0,164.0
39.0,162.0
40.5,160.5
42.0,158.8
44.0,157.0
46.0,155.0
49.0,153.0
51.0,151.0
53.0,149.0
55.0,148.0
56.5,146.5
59.0,145.3
61.0,143.5
63.0,142.0
65.0,141.0
67.0,139.5
69.0,138.0
72.0,136.0
74.0,135.3
77.0,133.3
79.0,132.0
81.0,131.0
83.0,129.5
84.5,129.0
86.5,127.5
88.5,126.0
91.0,125.0
93.0,124.0
95.0,122.8
97.5,122.0
100.0,120.0
101.5,119.5
104.0,118.0
105.5,117.5
107.5,116.5
109.5,115.5
112.0,114.5
114.0,113.5
116.5,112.5
118.5,111.5
120.5,110.5
123.0,109.3
126.0,108.5
128.0,107.0
130.0,106.5
132.5,105.5
135.0,104.5
137.0,103.5
139.5,102.5
142.0,101.5
144.0,100.5
146.0,100.0
147.5,99.5
150.0,98.5
152.5,97.5
155.0,96.5
158.0,95.5
160.0,94.5
161.5,94.0
163.5,93.5
166.0,92.5
169.0,91.8
172.0,90.5
175.0,89.5
178.0,88.5
180.0,88.0
182.0,87.0
184.0,86.5
186.0,85.5
187.5,85.5
190.0,84.5
193.0,83.5
196.0,82.5
197.5,82.5
200.0,81.5
203.0,80.5
206.0,79.5
210.0,78.3
213.0,77.5
216.0,76.8
217.5,76.5
220.0,75.5
223.0,74.8
225.0,74.0
227.0,73.5
229.0,73.0
231.0,72.5
234.0,71.5
235.5,71.5
238.0,70.5
239.5,70.0
242.0,69.5
246.0,68.5
248.0,68.0
250.0,67.5
253.0,66.8
254.5,66.5
257.0,65.5
258.5,65.5
261.0,64.5
262.5,64.5
265.0,63.5
266.5,63.5
270.0,62.5
271.5,62.5
274.0,61.5
275.5,61.5
278.0,60.5
280.0,60.5
282.0,59.5
284.0,59.5
287.0,58.5
288.5,58.5
291.0,57.5
293.0,57.5
295.0,56.8
297.0,56.5
300.0,55.5
302.0,55.5
304.0,54.5
306.0,54.5
307.5,54.5
310.0,53.5
312.0,53.5
315.0,52.5
316.5,52.5
320.0,51.5
321.5,51.5
325.0,50.5
326.5,50.5
330.0,49.5
332.0,49.5
334.0,49.0
336.0,48.5
337.5,48.5
340.0,47.5
342.0,47.5
343.5,46.5
346.0,46.5
348.0,46.5
351.0,45.5
353.0,45.5
354.5,45.5
357.0,44.5
359.0,44.5
361.0,44.0
363.0,43.5
365.0,43.5
368.0,42.5
370.0,42.5
373.0,41.5
375.0,41.5
377.0,41.5
380.0,40.5
382.0,40.5
383.5,40.5
386.0,39.5
388.0,39.5
390.0,39.0
392.0,38.5
394.0,38.5
395.5,38.5
399.0,37.5
401.0,37.5
402.5,37.0
405.0,36.5
407.0,36.5
408.5,36.5
412.0,35.5
414.0,35.5
415.5,35.5
419.0,34.5
421.0,34.5
423.0,34.0
425.0,34.0
427.0,33.5
429.0,33.5
431.0,33.0
433.0,32.5
435.0,32.5
437.0,32.5
439.0,32.0
441.0,31.5
443.0,31.5
444.5,31.5
447.0,30.5
449.0,30.5
451.0,30.5
452.5,30.0
456.0,29.8
458.0,29.5
460.0,29.5
464.0,28.5
466.0,28.5
468.0,28.5
472.0,27.5
474.0,27.5
476.0,27.5
477.5,27.5
481.0,26.5
483.0,26.5
485.0,26.5
486.5,26.5
490.0,25.5
492.0,25.5
494.0,25.5
495.5,25.5
499.0,24.5
501.0,24.5
503.0,24.5
504.5,24.5
507.0,24.0
509.0,23.5
511.0,23.5
513.0,23.5
514.5,23.5
517.0,22.5
519.0,22.5
521.0,22.5
523.0,22.5
524.5,22.5
526.5,21.5
529.0,21.5
531.0,21.5
533.0,21.5
535.0,21.5
539.0,20.8
541.0,20.5
543.0,20.5
545.0,20.5
547.0,20.5
551.0,19.8
553.0,19.5
555.0,19.5
557.0,19.5
558.5,19.5
563.0,18.5
565.0,18.5
567.0,18.5
569.0,18.5
571.0,18.5
572.5,17.5
575.0,18.0
577.0,17.5
579.0,17.5
581.0,17.5
583.0,17.5
585.0,17.5
589.0,16.8
591.0,16.5
593.0,16.5
595.0,16.5
597.0,16.5
599.0,16.5
604.0,15.5
606.0,15.5
608.0,15.5
610.0,15.5
612.0,15.5
614.0,15.5
616.0,15.0
620.0,14.5
622.0,14.5
624.0,14.5
626.0,14.5
628.0,14.5
630.0,14.5
632.0,14.3
633.5,14.5
636.0,13.5
638.0,13.5
640.0,13.5
642.0,13.5
644.0,13.5
646.0,13.5
648.0,13.5
650.0,13.5
652.0,13.5
653.5,13.5
658.0,12.5
660.0,12.5
662.0,12.5
664.0,12.5
666.0,12.5
668.0,12.5
670.0,12.5
672.0,12.5
674.0,12.5
675.5,12.0
681.0,11.5
683.0,11.5
685.0,11.5
687.0,11.5
689.0,11.5
691.0,11.5
693.0,11.5
695.0,11.5
697.0,11.5
699.0,11.5
701.0,11.5
703.0,11.3
704.5,11.5
706.5,10.5
711.0,10.5
713.0,10.5
715.0,10.5
717.0,10.5
719.0,10.5
721.0,10.5
723.0,10.5
725.0,10.5
727.0,10.5
729.0,10.5
731.0,10.5
733.0,10.5
735.0,10.5
737.0,10.5
739.0,10.5
741.0,10.5
743.0,10.5
745.0,10.5
747.0,10.5
749.0,10.3
751.0,10.5
760.5,9.5
764.0,9.5
766.0,9.5
768.0,9.5
770.0,9.5
772.0,9.5
774.0,9.5
776.0,9.5
778.0,9.5
780.0,9.5
782.0,9.5
784.0,9.5
786.0,9.5
788.0,9.5
790.0,9.5
792.0,9.5
794.0,9.5
796.0,9.5
798.0,9.5
800.0,9.5
802.0,9.5
804.0,9.5
806.0,9.5
808.0,9.5
810.0,9.5
812.0,9.5
814.0,9.5
816.0,9.5
818.0,9.5
820.0,9.5
822.0,9.5
824.0,9.5
826.0,9.5
838.0,10.5
840.0,10.5
842.0,10.3
844.0,10.5
846.0,10.5
848.0,10.5
850.0,10.5
852.0,10.5
854.0,10.5
856.0,10.5
858.0,10.5
860.0,10.5
862.0,10.5
864.0,10.5
866.0,10.5
868.0,10.5
870.0,10.5
872.0,10.5
874.0,10.5
876.0,10.5
878.0,10.8
880.5,10.5
885.0,11.5
887.0,11.5
889.0,11.5
891.0,11.5
893.0,11.5
895.0,11.5
897.0,11.5
899.0,11.5
901.0,11.5
903.0,11.5
905.0,11.5
907.0,11.5
909.0,11.5
911.0,12.3
914.0,12.3
916.0,12.5
918.0,12.5
920.0,12.5
922.0,12.5
924.0,12.5
926.0,12.5
928.0,12.5
930.0,12.5
932.0,12.5
934.0,12.5
935.5,12.5
939.0,13.5
941.0,13.5
943.0,13.5
945.0,13.5
947.0,13.5
949.0,13.5
951.0,13.5
953.0,13.5
955.0,13.5
956.5,13.5
960.0,14.3
962.0,14.5
964.0,14.5
966.0,14.5
968.0,14.5
970.0,14.5
972.0,14.5
974.0,14.5
975.5,14.5
979.0,15.3
981.0,15.5
983.0,15.5
985.0,15.5
987.0,15.5
989.0,15.5
991.0,15.5
993.0,15.5
995.0,16.5
997.0,16.5
999.0,16.5
1001.0,16.5
1003.0,16.5
1005.0,16.5
1007.0,16.5
1010.0,17.5
1012.0,17.5
1014.0,17.5
1016.0,17.5
1018.0,17.5
1020.0,17.5
1022.0,17.5
1025.0,18.5
1027.0,18.5
1029.0,18.5
1031.0,18.5
1033.0,18.5
1035.0,18.5
1037.0,18.5
1039.0,19.5
1041.0,19.5
1043.0,19.5
1045.0,19.5
1047.0,19.5
1049.0,19.8
1052.0,20.5
1054.0,20.5
1056.0,20.5
1058.0,20.5
1060.0,20.5
1061.5,20.5
1064.0,21.5
1066.0,21.5
1068.0,21.5
1070.0,21.5
1072.0,21.5
1073.5,22.0
1076.0,22.5
1078.0,22.5
1080.0,22.5
1082.0,22.5
1084.0,22.5
1087.0,23.5
1089.0,23.5
1091.0,23.5
1093.0,23.5
1095.0,23.5
1098.0,24.5
1100.0,24.5
1102.0,24.5
1104.0,24.5
1106.0,24.5
1108.0,25.3
1110.0,25.5
1112.0,25.5
1114.0,25.5
1116.0,25.5
1119.0,26.3
1121.0,26.5
1123.0,26.5
1125.0,26.5
1126.5,26.5
1129.0,27.5
1131.0,27.5
1133.0,27.5
1135.0,27.5
1138.0,28.5
1140.0,28.5
1142.0,28.5
1144.0,28.5
1146.0,29.0
1148.0,29.5
1150.0,29.5
1152.0,29.5
1154.0,29.5
1156.0,30.5
1158.0,30.5
1160.0,30.5
1162.0,30.5
1164.0,31.0
1166.0,31.5
1168.0,31.5
1170.0,31.5
1171.5,31.5
1174.0,32.5
1176.0,32.5
1178.0,32.5
1180.0,32.8
1182.0,33.5
1184.0,33.5
1186.0,33.5
1188.0,33.5
1190.0,34.5
1192.0,34.5
1194.0,34.5
1196.0,34.5
1199.0,35.5
1201.0,35.5
1203.0,35.5
1205.0,36.0
1207.0,36.5
1209.0,36.5
1211.0,36.5
1213.0,37.0
1215.0,37.5
1217.0,37.5
1219.0,37.5
1221.0,38.0
1223.0,38.5
1225.0,38.5
1227.0,38.5
1229.0,39.5
1231.0,39.5
1233.0,39.5
1235.0,40.0
1237.0,40.5
1239.0,40.5
1241.0,40.5
1243.0,41.0
1245.0,41.5
1247.0,41.5
1249.0,41.8
1251.0,42.5
1253.0,42.5
1255.0,42.5
1257.0,42.8
1259.0,43.5
1261.0,43.5
1263.0,43.8
1265.0,44.5
1267.0,44.5
1269.0,44.5
1271.0,45.0
1273.0,45.5
1275.0,45.5
1277.0,46.0
1279.0,46.5
1281.0,46.5
1283.0,46.8
1285.0,47.5
1287.0,47.5
1289.0,47.5
1291.0,48.3
1293.0,48.5
1295.0,48.5
1297.0,49.0
1299.0,49.5
1301.0,49.5
1303.0,50.0
1305.0,50.5
1307.0,50.5
1309.0,51.0
1311.0,51.5
1313.0,51.5
1315.0,51.5
1317.0,52.5
1319.0,52.5
1321.0,52.5
1323.0,53.5
1325.0,53.5
1327.0,53.5
1329.0,54.5
1331.0,54.5
1333.0,54.5
1335.0,55.5
1337.0,55.5
1339.0,55.5
1341.0,56.5
1343.0,56.5
1345.0,57.0
1347.0,57.5
1349.0,57.5
1351.0,58.0
1353.0,58.5
1355.0,58.5
1357.0,59.0
1359.0,59.5
1361.0,59.5
1363.0,60.5
1365.0,60.5
1367.0,60.5
1369.0,61.5
1371.0,61.5
1373.0,62.0
1375.0,62.5
1377.0,62.5
1379.0,63.0
1381.0,63.5
1383.0,63.5
1385.0,64.5
1387.0,64.5
1389.0,64.8
1391.0,65.5
1393.0,65.5
1395.0,66.0
1397.0,66.5
1399.0,66.5
1401.0,67.5
1403.0,67.5
1405.0,68.0
1407.0,68.5
1409.0,68.5
1411.0,69.3
1413.0,69.5
1415.0,69.5
1417.0,70.5
1419.0,70.5
1421.0,71.0
1423.0,71.5
1425.0,71.8
1427.0,72.5
1429.0,72.5
1431.0,73.3
1433.0,73.5
1435.0,73.5
1437.0,74.5
1439.0,74.5
1441.0,75.0
1443.0,75.5
1445.0,75.5
1447.0,76.5
1449.0,76.5
1451.0,77.0
1453.0,77.5
1455.0,77.5
1457.0,78.5
1459.0,78.5
1461.0,79.3
1463.0,79.5
1465.0,80.0
1467.0,80.5
1469.0,80.5
1471.0,81.5
1473.0,81.5
1475.0,82.0
1477.0,82.5
1479.0,82.5
1481.0,83.5
1483.0,83.5
1485.0,84.3
1487.0,84.5
1489.0,84.8
1491.0,85.5
1493.0,85.5
1495.0,86.5
1497.0,86.5
1499.0,87.3
1501.0,87.5
1503.0,87.8
1505.0,88.5
1507.0,88.5
1509.0,89.5
1511.0,89.5
1513.0,90.5
1515.0,90.5
1517.0,91.3
1519.0,91.5
1521.0,92.0
1523.0,92.5
1525.0,92.5
1527.0,93.5
1529.0,93.5
1531.0,94.3
1533.0,94.5
1535.0,95.0
1537.0,95.5
1539.0,96.0
1541.0,96.5
1543.0,96.5
1545.0,97.5
1547.0,97.5
1549.0,98.5
1551.0,98.5
1553.0,99.3
1555.0,99.5
1557.0,100.0
1559.0,100.5
1561.0,100.8
1563.0,101.5
1565.0,101.5
1567.0,102.5
1569.0,102.5
1571.0,103.5
1573.0,103.5
1575.0,104.5
1577.0,104.5
1579.0,105.3
1581.0,105.5
1583.0,106.0
1585.0,106.5
1587.0,107.0
1589.0,107.5
1591.0,108.0
1593.0,108.5
1595.0,108.8
1597.0,109.5
1599.0,109.5
1601.0,110.5
1603.0,110.5
1605.0,111.5
1607.0,111.5
1609.0,112.5
1611.0,112.5
1613.0,113.5
1615.0,113.5
1617.0,114.5
1619.0,114.5
1621.0,115.3
1623.0,115.5
1625.0,116.3
1627.0,116.5
1629.0,117.3
1631.0,117.5
1633.0,118.3
1635.0,118.5
1637.0,119.3
1639.0,119.5
1641.0,120.3
1643.0,120.5
1645.0,121.3
1647.0,121.5
1649.0,122.3
1651.0,122.5
1653.0,123.3
1655.0,123.5
1657.0,124.3
1659.0,124.5
1661.0,125.3
1663.0,125.5
1665.0,126.3
1667.0,126.5
1669.0,127.5
1671.0,127.5
1673.0,128.5
1675.0,128.5
1677.0,129.5
1679.0,130.0
1681.0,130.5
1683.0,131.5
1685.0,132.0
1687.0,132.8
1689.0,133.5
1691.0,134.5
1693.0,135.3
1695.0,136.5
1697.0,137.3
1699.0,138.0
1701.0,139.0
1703.0,140.0
1705.0,141.0
1707.0,142.0
1709.0,142.8
1711.0,143.8
1713.0,144.8
1715.0,145.5
1717.0,146.5
1719.0,147.5
1721.0,148.5
1723.0,149.5
1725.0,150.5
1727.0,151.5
1729.0,152.5
1731.0,153.3
1733.0,154.3
1735.0,155.0
1737.0,156.0
1739.0,157.0
1741.0,158.0
1743.0,159.0
1745.0,160.0
1747.0,161.0
1749.0,162.0
1751.0,163.0
1753.0,164.0
1755.0,165.0
1757.0,166.0
1759.0,167.0
1761.0,168.0
1763.0,169.0
1765.0,170.0
1767.0,170.8
1769.0,172.0
1771.0,172.8
1773.0,174.0
1775.0,175.0
1777.0,176.0
1779.0,177.0
1781.0,178.0
1783.0,179.0
1785.0,180.0
1787.0,181.0
1789.0,182.0
1791.0,183.0
1793.0,184.3
1795.0,185.5
1797.0,186.5
1799.0,187.5
1801.0,188.8
1803.0,189.5
1805.0,190.8
1807.0,192.0
1809.0,193.0
1811.0,194.0
1813.0,195.0
1815.0,196.3
1817.0,197.5
1819.0,198.5
1821.0,199.8
1823.0,201.0
1825.0,202.0
1827.0,203.0
1829.0,204.5
1831.0,205.8
1833.0,206.8
1835.0,208.0
1837.0,209.3
1839.0,210.5
1841.0,211.5
1843.0,213.0
1845.0,214.0
1847.0,215.0
1849.0,216.5
1851.0,218.0
1853.0,219.0
1855.0,220.0
1856.5,221.0
1858.0,223.0
1859.5,225.0
1859.5,227.0
1857.5,228.5
1856.0,228.3
1854.0,227.5
1852.0,226.5
1850.0,226.0
1848.0,225.5
1846.0,224.5
1844.0,224.0
1842.0,223.3
1840.0,222.5
1838.0,221.8
1836.0,221.3
1834.0,220.5
1832.0,219.8
1830.0,219.3
1828.0,218.5
1826.0,217.8
1824.0,217.3
1822.0,216.5
1820.0,216.0
1818.0,215.5
1816.0,214.5
1814.0,214.0
1812.0,213.5
1810.0,212.8
1808.0,212.3
1806.0,211.5
1804.0,211.0
1802.0,210.5
1800.0,209.5
1798.0,209.3
1796.0,208.5
1794.0,208.0
1792.0,207.5
1790.0,206.5
1788.0,206.3
1786.0,205.5
1784.0,205.0
1782.0,204.5
1780.0,203.8
1778.0,203.5
1776.0,202.5
1774.0,202.3
1772.0,201.5
1770.0,201.0
1768.0,200.5
1766.0,199.8
1764.0,199.5
1762.0,198.5
1760.0,198.5
1758.0,197.5
1756.0,197.3
1754.0,196.5
1752.0,196.0
1750.0,195.5
1748.0,195.0
1746.0,194.5
1744.0,193.8
1742.0,193.5
1740.0,192.8
1738.0,192.5
1736.0,191.5
1734.0,191.5
1732.0,190.5
1730.0,190.5
1728.0,189.5
1726.0,189.3
1724.0,188.5
1722.0,188.3
1720.0,187.5
1718.0,187.3
1716.0,186.5
1714.0,186.0
1712.0,185.5
1710.0,185.0
1708.0,184.5
1706.0,184.0
1704.0,183.5
1702.0,183.0
1700.0,182.5
1698.0,182.0
1696.0,181.5
1694.0,181.3
1692.0,180.5
1690.0,180.3
1688.0,179.5
1686.0,179.3
1684.0,178.5
1682.0,178.5
1680.0,178.0
1678.0,177.5
1676.0,177.5
1674.0,177.5
1672.0,176.5
1670.0,176.5
1668.0,176.5
1666.0,176.5
1664.0,176.5
1662.0,176.5
1658.0,175.5
1656.0,175.5
1654.0,175.5
1652.0,175.5
1650.0,175.5
1648.0,175.5
1646.0,175.5
1644.0,175.5
1642.0,175.5
1638.0,174.8
1636.0,174.5
1634.0,174.5
1632.0,174.5
1630.0,174.5
1628.0,174.5
1626.0,174.5
1624.0,174.5
1622.0,174.5
1620.0,174.5
1618.0,174.3
1614.5,174.0
1613.0,173.5
1611.0,173.5
1609.0,173.5
1607.0,173.5
1605.0,173.5
1603.0,173.5
1601.0,173.5
1599.0,173.5
1597.0,173.5
1595.0,173.5
1593.0,173.5
1591.0,173.5
1586.5,172.5
1585.0,172.5
1583.0,172.5
1581.0,172.5
1579.0,172.5
1577.0,172.5
1575.0,172.5
1573.0,172.5
1571.0,172.5
1569.0,172.5
1567.0,172.5
1565.0,172.5
1563.0,172.5
1561.0,172.5
1559.0,172.5
1557.0,172.3
1550.0,171.5
1548.0,171.8
1546.0,171.5
1544.0,171.5
1542.0,171.5
1540.0,171.5
1538.0,171.5
1536.0,171.5
1534.0,171.5
1532.0,171.5
1530.0,171.5
1528.0,171.5
1526.0,171.5
1524.0,171.5
1522.0,171.5
1520.0,171.5
1518.0,171.5
1516.0,171.5
1514.0,171.5
1512.0,171.5
1510.0,171.5
1508.0,171.5
1506.0,171.5
1494.0,170.5
1492.0,170.5
1490.0,170.5
1488.0,170.8
1486.0,170.5
1484.0,170.5
1482.0,170.5
1480.0,170.5
1478.0,170.5
1476.0,170.5
1474.0,170.5
1472.0,170.5
1470.0,170.5
1468.0,170.5
1466.0,170.5
1464.0,170.5
1462.0,170.5
1460.0,170.5
1458.0,170.5
1456.0,170.5
1454.0,170.5
1452.0,170.5
1450.0,170.5
1448.0,170.5
1446.0,170.5
1444.0,170.5
1442.0,170.5
1440.0,170.5
1438.0,170.5
1436.0,170.5
1434.0,170.5
1432.0,170.5
1430.0,170.5
1428.0,170.5
1426.0,170.5
1424.0,170.5
1422.0,170.5
1420.0,170.5
1418.0,170.5
1416.0,170.5
1414.0,170.5
1412.0,170.5
1410.0,170.5
1408.0,170.5
1406.0,170.5
1404.0,170.5
1402.0,170.5
1400.0,170.5
1398.0,170.5
1396.0,170.5
1394.0,170.5
1392.0,170.5
1390.0,170.5
1388.0,170.5
1386.0,170.5
1384.0,170.5
1382.0,170.5
1380.0,170.5
1378.0,170.5
1376.0,170.8
1374.0,170.5
1372.0,170.5
1370.0,170.5
1356.0,171.5
1354.0,171.5
1352.0,171.5
1350.0,171.5
1348.0,171.5
1346.0,171.5
1344.0,171.5
1342.0,171.5
1340.0,171.5
1338.0,171.5
1336.0,171.5
1334.0,171.5
1332.0,171.5
1330.0,171.5
1328.0,171.5
1326.0,171.5
1324.0,171.5
1322.0,171.5
1320.0,171.5
1318.0,171.5
1316.0,171.5
1314.0,171.5
1312.0,171.5
1310.0,171.5
1308.0,171.5
1306.0,171.8
1295.0,172.5
1293.0,172.5
1291.0,172.5
1289.0,172.5
1287.0,172.5
1285.0,172.5
1283.0,172.5
1281.0,172.5
1279.0,172.5
1277.0,172.5
1275.0,172.5
1273.0,172.5
1271.0,172.5
1269.0,172.5
1267.0,172.5
1265.0,172.5
1263.0,172.5
1261.0,172.5
1256.5,172.5
1254.0,173.5
1252.0,173.3
1250.0,173.5
1248.0,173.5
1246.0,173.5
1244.0,173.5
1242.0,173.5
1240.0,173.5
1238.0,173.5
1236.0,173.5
1234.0,173.5
1232.0,173.5
1230.0,173.5
1228.0,173.5
1226.0,173.8
1220.0,174.3
1218.0,174.5
1216.0,174.5
1214.0,174.5
1212.0,174.5
1210.0,174.5
1208.0,174.5
1206.0,174.5
1204.0,174.5
1202.0,174.5
1200.0,174.5
1198.0,174.5
1196.0,174.8
1194.0,174.5
1190.5,175.5
1189.0,175.3
1187.0,175.5
1185.0,175.5
1183.0,175.5
1181.0,175.5
1179.0,175.5
1177.0,175.5
1175.0,175.5
1173.0,175.5
1171.0,175.5
1169.0,175.5
1167.0,175.5
1163.0,176.5
1161.0,176.5
1159.0,176.5
1157.0,176.5
1155.0,176.5
1153.0,176.5
1151.0,176.5
1149.0,176.5
1147.0,176.5
1145.0,176.5
1143.0,176.8
1137.0,177.3
1135.0,177.5
1133.0,177.5
1131.0,177.5
1129.0,177.5
1127.0,177.5
1125.0,177.5
1123.0,177.5
1121.0,177.5
1119.0,177.5
1115.5,178.5
1114.0,178.5
1112.0,178.5
1110.0,178.5
1108.0,178.5
1106.0,178.5
1104.0,178.5
1102.0,178.5
1100.0,178.5
1098.0,178.5
1093.5,179.5
1092.0,179.5
1090.0,179.5
1088.0,179.5
1086.0,179.5
1084.0,179.5
1082.0,179.5
1080.0,179.5
1078.0,179.5
1076.0,179.8
1071.0,180.5
1069.0,180.5
1067.0,180.5
1065.0,180.5
1063.0,180.5
1061.0,180.5
1059.0,180.5
1057.0,180.5
1055.0,180.5
1052.0,181.5
1050.0,181.5
1048.0,181.5
1046.0,181.5
1044.0,181.5
1042.0,181.5
1040.0,181.5
1038.0,181.5
1036.0,181.5
1031.5,182.5
1030.0,182.5
1028.0,182.5
1026.0,182.5
1024.0,182.5
1022.0,182.5
1020.0,182.5
1018.0,182.5
1016.0,182.5
1014.0,183.0
1012.0,183.5
1010.0,183.5
1008.0,183.5
1006.0,183.5
1004.0,183.5
1002.0,183.5
1000.0,183.5
998.0,183.5
996.0,184.0
993.0,184.5
991.0,184.5
989.0,184.5
987.0,184.5
985.0,184.5
983.0,184.5
981.0,184.5
979.0,184.5
974.5,185.5
973.0,185.5
971.0,185.5
969.0,185.5
967.0,185.5
965.0,185.5
963.0,185.5
961.0,185.5
959.0,185.5
955.5,186.5
954.0,186.5
952.0,186.5
950.0,186.5
948.0,186.5
946.0,186.5
944.0,186.5
942.0,186.5
940.0,186.5
937.5,187.5
936.0,187.5
934.0,187.5
932.0,187.5
930.0,187.5
928.0,187.5
926.0,187.5
924.0,187.5
922.0,187.5
917.0,188.5
915.0,188.5
913.0,188.5
911.0,188.5
909.0,188.5
907.0,188.5
905.0,188.5
903.0,188.5
899.0,189.5
897.0,189.5
895.0,189.5
893.0,189.5
891.0,189.5
889.0,189.5
887.0,189.5
885.0,189.5
883.0,190.0
880.0,190.0
878.0,190.5
876.0,190.5
874.0,190.5
872.0,190.5
870.0,190.5
868.0,190.5
866.0,190.5
860.0,191.5
858.0,191.5
856.0,191.5
854.0,191.5
852.0,191.5
850.0,191.5
848.0,191.5
846.0,191.5
842.0,192.5
840.0,192.5
838.0,192.5
836.0,192.5
834.0,192.5
832.0,192.5
830.0,192.5
828.0,192.5
822.5,193.5
821.0,193.5
819.0,193.5
817.0,193.5
815.0,193.5
813.0,193.5
811.0,193.5
809.0,193.5
805.0,194.5
803.0,194.5
801.0,194.5
799.0,194.5
797.0,194.5
795.0,194.5
793.0,194.5
791.0,194.5
789.0,194.5
785.0,195.5
783.0,195.5
781.0,195.5
779.0,195.5
777.0,195.5
775.0,195.5
773.0,195.5
771.0,195.5
766.5,196.5
765.0,196.5
763.0,196.5
761.0,196.5
759.0,196.5
757.0,196.5
755.0,196.5
753.0,196.5
751.0,196.5
748.0,197.5
746.0,197.5
744.0,197.5
742.0,197.5
740.0,197.5
738.0,197.5
736.0,197.5
734.0,197.5
732.0,197.5
729.5,198.5
728.0,198.3
726.0,198.5
724.0,198.5
722.0,198.5
720.0,198.5
718.0,198.5
716.0,198.5
714.0,198.5
709.5,199.5
708.0,199.5
706.0,199.5
704.0,199.5
702.0,199.5
700.0,199.5
698.0,199.5
696.0,199.5
692.0,200.5
690.0,200.5
688.0,200.5
686.0,200.5
684.0,200.5
682.0,200.5
680.0,200.5
678.0,200.5
674.0,201.0
672.0,201.5
670.0,201.5
668.0,201.5
666.0,201.5
664.0,201.5
662.0,201.5
660.0,201.5
658.0,201.5
654.0,202.3
652.0,202.5
650.0,202.5
648.0,202.5
646.0,202.5
644.0,202.5
642.0,202.5
640.0,202.5
636.5,203.5
635.0,203.5
633.0,203.5
631.0,203.5
629.0,203.5
627.0,203.5
625.0,203.5
623.0,203.8
619.0,204.3
617.0,204.5
615.0,204.5
613.0,204.5
611.0,204.5
609.0,204.5
607.0,204.5
605.0,204.5
602.5,205.5
601.0,205.5
599.0,205.5
597.0,205.5
595.0,205.5
593.0,205.5
591.0,205.5
589.0,205.5
587.0,205.5
583.5,206.5
582.0,206.5
580.0,206.5
578.0,206.5
576.0,206.5
574.0,206.5
572.0,206.5
570.0,206.5
566.0,207.5
564.0,207.5
562.0,207.5
560.0,207.5
558.0,207.5
556.0,207.5
554.0,207.5
548.5,208.5
547.0,208.5
545.0,208.5
543.0,208.5
541.0,208.5
539.0,208.5
537.0,208.5
534.0,209.5
532.0,209.5
530.0,209.5
528.0,209.5
526.0,209.5
524.0,209.5
522.0,209.5
520.0,209.5
515.5,209.5
514.0,210.5
512.0,210.5
510.0,210.5
508.0,210.5
506.0,210.5
504.0,210.5
502.0,210.5
497.5,211.5
496.0,211.5
494.0,211.5
492.0,211.5
490.0,211.5
488.0,211.5
486.0,211.5
482.0,212.0
480.0,212.5
478.0,212.5
476.0,212.5
474.0,212.5
472.0,212.5
470.0,212.5
468.0,212.5
465.5,213.5
464.0,213.5
462.0,213.5
460.0,213.5
458.0,213.5
456.0,213.5
454.0,213.5
452.0,213.5
447.5,214.5
446.0,214.5
444.0,214.5
442.0,214.5
440.0,214.5
438.0,214.5
436.0,214.5
432.0,215.0
430.0,215.5
428.0,215.5
426.0,215.5
424.0,215.5
422.0,215.5
420.0,215.5
415.0,216.5
413.0,216.5
411.0,216.5
409.0,216.5
407.0,216.5
405.0,216.5
403.0,216.5
398.0,217.5
396.0,217.5
394.0,217.5
392.0,217.5
390.0,217.5
388.0,217.5
386.0,217.5
382.5,218.0
381.0,218.5
379.0,218.5
377.0,218.5
375.0,218.5
373.0,218.5
371.0,218.5
369.0,218.5
366.5,219.0
365.0,219.5
363.0,219.5
361.0,219.5
359.0,219.5
357.0,219.5
355.0,219.5
353.0,219.5
349.0,220.5
347.0,220.5
345.0,220.5
343.0,220.5
341.0,220.5
339.0,220.5
337.0,220.5
334.5,221.0
332.5,221.0
331.0,221.5
329.0,221.5
327.0,221.5
325.0,221.5
323.0,221.5
321.0,221.5
316.5,222.5
315.0,222.5
313.0,222.5
311.0,222.5
309.0,222.5
307.0,222.5
305.0,222.5
303.0,222.5
300.5,223.5
299.0,223.5
297.0,223.5
295.0,223.5
293.0,223.5
291.0,223.5
289.0,223.5
287.0,223.5
283.5,224.0
282.0,224.5
280.0,224.5
278.0,224.5
276.0,224.5
274.0,224.5
272.0,224.5
270.0,224.5
265.5,225.5
264.0,225.5
262.0,225.5
260.0,225.5
258.0,225.5
256.0,225.5
254.0,225.5
252.0,225.5
247.0,226.5
245.0,226.5
243.0,226.5
241.0,226.5
239.0,226.5
237.0,226.5
235.0,226.5
233.0,226.5
230.5,226.5
228.5,227.5
227.0,227.5
225.0,227.5
223.0,227.5
221.0,227.5
219.0,227.5
217.0,227.5
215.0,227.8
209.5,228.0
208.0,228.5
206.0,228.5
204.0,228.5
202.0,228.5
200.0,228.5
198.0,228.5
196.0,228.5
194.0,228.8
190.5,229.5
189.0,229.3
187.0,229.5
185.0,229.5
183.0,229.5
181.0,229.5
179.0,229.5
177.0,229.5
175.0,229.5
173.0,229.5
171.0,229.8
166.5,230.5
165.0,230.3
163.0,230.5
161.0,230.5
159.0,230.5
157.0,230.5
155.0,230.5
153.0,230.5
151.0,230.5
149.0,230.5
147.0,230.5
145.0,230.8
143.0,230.8
138.0,231.0
136.0,231.3
134.0,231.5
132.0,231.5
130.0,231.5
128.0,231.5
126.0,231.5
124.0,231.5
122.0,231.5
120.0,231.5
118.0,231.5
116.0,231.5
114.0,231.5
112.0,231.5
110.0,231.5
108.0,231.5
106.0,231.5
104.0,231.5
102.0,231.5
100.0,231.5
98.0,231.5
96.0,231.5
94.0,231.5
92.0,231.5
90.0,231.5
88.0,231.5
86.0,231.5
81.5,230.5
80.0,230.5
78.0,230.5
76.0,230.5
74.0,230.5
72.0,230.5
70.0,230.5
68.0,230.5
66.0,230.0
64.0,229.5
62.0,229.5
60.0,229.5
58.0,229.0
56.0,228.5
54.0,228.5
52.0,228.5
50.0,227.5
48.0,227.5
46.0,227.0
44.0,226.5
42.0,226.5
40.0,225.5
38.0,225.5
36.0,224.8
34.0,224.5
32.0,223.5
30.0,223.3
28.0,222.5
26.0,221.5
24.0,220.3
22.0,219.0
20.0,216.8
18.5,214.5
17.0,214.0
17.0,212.5
16.5,210.0
16.5,208.0
