0.000000000000000000e+00,-3.986077208209024003e-02
2.712232167073501594e-04,-4.078293101889521322e-02
2.712232167073501594e-04,-4.186782388572461711e-02
2.712232167073501594e-04,-4.295271675255402100e-02
5.424464334147003188e-04,-4.403760961938342489e-02
1.356116083536750743e-03,-4.458005605279811989e-02
2.169785733658801275e-03,-4.620739535304221879e-02
3.254678600488201696e-03,-4.729228821987162268e-02
4.339571467317602550e-03,-4.810595786999366519e-02
5.424464334147002971e-03,-4.864840430340837407e-02
6.238133984269053287e-03,-4.919085073682306908e-02
8.136696501220504890e-03,-4.973329717023777796e-02
9.221589368049905311e-03,-5.027574360365247297e-02
1.030648223487930573e-02,-5.027574360365247297e-02
1.139137510170870615e-02,-5.081819003706716797e-02
1.247626796853810657e-02,-5.081819003706716797e-02
1.356116083536750699e-02,-5.136063647048187686e-02
1.464605370219690741e-02,-5.136063647048187686e-02
1.573094656902630784e-02,-5.163185968718922436e-02
1.681583943585570826e-02,-5.190308290389657186e-02
1.790073230268510868e-02,-5.190308290389657186e-02
1.898562516951450910e-02,-5.244552933731128075e-02
2.007051803634390952e-02,-5.244552933731128075e-02
2.169785733658801188e-02,-5.244552933731128075e-02
2.278275020341741230e-02,-5.298797577072597575e-02
2.386764307024681273e-02,-5.298797577072597575e-02
2.495253593707621315e-02,-5.298797577072597575e-02
2.603742880390561357e-02,-5.298797577072597575e-02
2.766476810414971593e-02,-5.353042220414067076e-02
2.874966097097911635e-02,-5.353042220414067076e-02
2.983455383780851677e-02,-5.353042220414067076e-02
3.091944670463791719e-02,-5.353042220414067076e-02
3.200433957146731762e-02,-5.353042220414067076e-02
3.308923243829672151e-02,-5.353042220414067076e-02
3.390290208841877095e-02,-5.353042220414067076e-02
3.580146460537021735e-02,-5.407286863755537965e-02
3.688635747219962124e-02,-5.407286863755537965e-02
3.797125033902901819e-02,-5.407286863755537965e-02
3.878491998915107458e-02,-5.407286863755537965e-02
4.014103607268781904e-02,-5.407286863755537965e-02
4.122592893951722293e-02,-5.407286863755537965e-02
4.231082180634661988e-02,-5.407286863755537965e-02
4.339571467317602377e-02,-5.407286863755537965e-02
4.448060754000542766e-02,-5.407286863755537965e-02
4.556550040683482461e-02,-5.407286863755537965e-02
4.665039327366422850e-02,-5.407286863755537965e-02
4.773528614049362545e-02,-5.407286863755537965e-02
4.882017900732302934e-02,-5.407286863755537965e-02
4.990507187415242629e-02,-5.407286863755537965e-02
5.098996474098183018e-02,-5.407286863755537965e-02
5.207485760781122713e-02,-5.407286863755537965e-02
5.315975047464063102e-02,-5.407286863755537965e-02
5.424464334147002798e-02,-5.407286863755537965e-02
5.532953620829943187e-02,-5.407286863755537965e-02
5.641442907512882882e-02,-5.407286863755537965e-02
5.749932194195823271e-02,-5.407286863755537965e-02
5.858421480878762966e-02,-5.407286863755537965e-02
5.966910767561703355e-02,-5.407286863755537965e-02
6.075400054244643050e-02,-5.407286863755537965e-02
6.183889340927583439e-02,-5.407286863755537965e-02
6.292378627610523134e-02,-5.407286863755537965e-02
6.400867914293463523e-02,-5.407286863755537965e-02
6.509357200976403912e-02,-5.407286863755537965e-02
6.617846487659344301e-02,-5.407286863755537965e-02
6.780580417683754191e-02,-5.407286863755537965e-02
7.268782207756983860e-02,-5.353042220414067076e-02
7.377271494439924249e-02,-5.353042220414067076e-02
7.485760781122864638e-02,-5.353042220414067076e-02
7.594250067805803639e-02,-5.353042220414067076e-02
7.702739354488744028e-02,-5.353042220414067076e-02
7.811228641171684417e-02,-5.353042220414067076e-02
7.919717927854624806e-02,-5.353042220414067076e-02
8.028207214537563807e-02,-5.353042220414067076e-02
8.136696501220504196e-02,-5.353042220414067076e-02
8.245185787903444585e-02,-5.353042220414067076e-02
8.733387577976674254e-02,-5.298797577072597575e-02
8.841876864659614643e-02,-5.298797577072597575e-02
8.950366151342555032e-02,-5.298797577072597575e-02
9.058855438025495421e-02,-5.298797577072597575e-02
9.167344724708434422e-02,-5.298797577072597575e-02
9.275834011391374812e-02,-5.298797577072597575e-02
9.384323298074315201e-02,-5.298797577072597575e-02
9.492812584757255590e-02,-5.298797577072597575e-02
9.574179549769459840e-02,-5.298797577072597575e-02
9.926769731489015758e-02,-5.244552933731128075e-02
1.003525901817195615e-01,-5.244552933731128075e-02
1.014374830485489515e-01,-5.244552933731128075e-02
1.025223759153783554e-01,-5.244552933731128075e-02
1.036072687822077593e-01,-5.244552933731128075e-02
1.046921616490371632e-01,-5.244552933731128075e-02
1.057770545158665532e-01,-5.244552933731128075e-02
1.095741795497694598e-01,-5.190308290389657186e-02
1.106590724165988637e-01,-5.190308290389657186e-02
1.117439652834282676e-01,-5.190308290389657186e-02
1.128288581502576576e-01,-5.190308290389657186e-02
1.139137510170870615e-01,-5.190308290389657186e-02
1.149986438839164654e-01,-5.190308290389657186e-02
1.160835367507458693e-01,-5.190308290389657186e-02
1.168972064008679118e-01,-5.190308290389657186e-02
1.193382153512340671e-01,-5.136063647048187686e-02
1.204231082180634710e-01,-5.136063647048187686e-02
1.215080010848928610e-01,-5.136063647048187686e-02
1.225928939517222649e-01,-5.136063647048187686e-02
1.236777868185516688e-01,-5.136063647048187686e-02
1.247626796853810727e-01,-5.136063647048187686e-02
1.258475725522104627e-01,-5.136063647048187686e-02
1.266612422023325191e-01,-5.136063647048187686e-02
1.296446975861133832e-01,-5.081819003706716797e-02
1.307295904529427732e-01,-5.081819003706716797e-02
1.318144833197721633e-01,-5.081819003706716797e-02
1.328993761866015810e-01,-5.081819003706716797e-02
1.339842690534309710e-01,-5.081819003706716797e-02
1.350691619202603611e-01,-5.081819003706716797e-02
1.361540547870897788e-01,-5.081819003706716797e-02
1.388662869541632816e-01,-5.027574360365247297e-02
1.399511798209926716e-01,-5.027574360365247297e-02
1.410360726878220894e-01,-5.027574360365247297e-02
1.421209655546514794e-01,-5.027574360365247297e-02
1.432058584214808694e-01,-5.027574360365247297e-02
1.442907512883102872e-01,-5.027574360365247297e-02
1.451044209384323436e-01,-5.027574360365247297e-02
1.480878763222131800e-01,-4.973329717023777796e-02
1.491727691890425700e-01,-4.973329717023777796e-02
1.502576620558719878e-01,-4.973329717023777796e-02
1.513425549227013778e-01,-4.973329717023777796e-02
1.524274477895307955e-01,-4.973329717023777796e-02
1.535123406563601856e-01,-4.973329717023777796e-02
1.548684567398969369e-01,-4.973329717023777796e-02
1.573094656902630784e-01,-4.919085073682306908e-02
1.583943585570924961e-01,-4.919085073682306908e-02
1.594792514239218861e-01,-4.919085073682306908e-02
1.605641442907512761e-01,-4.919085073682306908e-02
1.616490371575806939e-01,-4.919085073682306908e-02
1.627339300244100839e-01,-4.919085073682306908e-02
1.638188228912395017e-01,-4.919085073682306908e-02
1.668022782750203381e-01,-4.864840430340837407e-02
1.681583943585570895e-01,-4.864840430340837407e-02
1.692432872253864795e-01,-4.864840430340837407e-02
1.703281800922158973e-01,-4.864840430340837407e-02
1.714130729590452873e-01,-4.864840430340837407e-02
1.727691890425820387e-01,-4.864840430340837407e-02
1.768375372931922929e-01,-4.810595786999366519e-02
1.779224301600217106e-01,-4.810595786999366519e-02
1.790073230268511006e-01,-4.810595786999366519e-02
1.800922158936804907e-01,-4.810595786999366519e-02
1.814483319772172421e-01,-4.810595786999366519e-02
1.844317873609981062e-01,-4.756351143657897018e-02
1.855166802278274962e-01,-4.756351143657897018e-02
1.866015730946569140e-01,-4.756351143657897018e-02
1.876864659614863040e-01,-4.756351143657897018e-02
1.887713588283156940e-01,-4.756351143657897018e-02
1.898562516951451118e-01,-4.756351143657897018e-02
1.906699213452671682e-01,-4.756351143657897018e-02
1.936533767290480046e-01,-4.702106500316427518e-02
1.947382695958773946e-01,-4.702106500316427518e-02
1.958231624627068124e-01,-4.702106500316427518e-02
1.969080553295362024e-01,-4.702106500316427518e-02
1.979929481963656202e-01,-4.702106500316427518e-02
1.996202874966097052e-01,-4.702106500316427518e-02
2.023325196636832080e-01,-4.647861856974956629e-02
2.034174125305126257e-01,-4.647861856974956629e-02
2.045023053973420157e-01,-4.647861856974956629e-02
2.055871982641714057e-01,-4.647861856974956629e-02
2.066720911310008235e-01,-4.647861856974956629e-02
2.077569839978302135e-01,-4.647861856974956629e-02
2.085706536479522699e-01,-4.647861856974956629e-02
2.110116625983184113e-01,-4.593617213633487129e-02
2.120965554651478291e-01,-4.593617213633487129e-02
2.131814483319772191e-01,-4.593617213633487129e-02
2.142663411988066091e-01,-4.593617213633487129e-02
2.153512340656360269e-01,-4.593617213633487129e-02
2.164361269324654169e-01,-4.593617213633487129e-02
2.175210197992948069e-01,-4.593617213633487129e-02
2.207756983997830325e-01,-4.539372570292017628e-02
2.218605912666124225e-01,-4.539372570292017628e-02
2.229454841334418125e-01,-4.539372570292017628e-02
2.240303770002712302e-01,-4.539372570292017628e-02
2.251152698671006203e-01,-4.539372570292017628e-02
2.289123949010035131e-01,-4.485127926950546740e-02
2.299972877678329308e-01,-4.485127926950546740e-02
2.310821806346623208e-01,-4.485127926950546740e-02
2.321670735014917386e-01,-4.485127926950546740e-02
2.332519663683211286e-01,-4.485127926950546740e-02
2.343368592351505186e-01,-4.485127926950546740e-02
2.354217521019799364e-01,-4.485127926950546740e-02
2.381339842690534392e-01,-4.430883283609077239e-02
2.392188771358828292e-01,-4.430883283609077239e-02
2.403037700027122192e-01,-4.430883283609077239e-02
2.413886628695416370e-01,-4.430883283609077239e-02
2.424735557363710270e-01,-4.430883283609077239e-02
2.435584486032004448e-01,-4.430883283609077239e-02
2.443721182533224734e-01,-4.430883283609077239e-02
2.473555736371033376e-01,-4.376638640267606351e-02
2.484404665039327276e-01,-4.376638640267606351e-02
2.495253593707621453e-01,-4.376638640267606351e-02
2.506102522375915354e-01,-4.376638640267606351e-02
2.516951451044209254e-01,-4.376638640267606351e-02
2.527800379712503154e-01,-4.376638640267606351e-02
2.560347165717385409e-01,-4.322393996926136850e-02
2.571196094385679309e-01,-4.322393996926136850e-02
2.582045023053973209e-01,-4.322393996926136850e-02
2.592893951722267665e-01,-4.322393996926136850e-02
2.603742880390561565e-01,-4.322393996926136850e-02
2.614591809058855465e-01,-4.322393996926136850e-02
2.625440737727149365e-01,-4.322393996926136850e-02
2.652563059397884393e-01,-4.268149353584667349e-02
2.663411988066178293e-01,-4.268149353584667349e-02
2.674260916734472748e-01,-4.268149353584667349e-02
2.685109845402766648e-01,-4.268149353584667349e-02
2.695958774071060549e-01,-4.268149353584667349e-02
2.706807702739354449e-01,-4.268149353584667349e-02
2.717656631407648349e-01,-4.268149353584667349e-02
2.744778953078383377e-01,-4.213904710243196461e-02
2.761052346080824504e-01,-4.213904710243196461e-02
2.771901274749118405e-01,-4.213904710243196461e-02
2.782750203417412305e-01,-4.213904710243196461e-02
2.793599132085706760e-01,-4.213904710243196461e-02
2.804448060754000660e-01,-4.213904710243196461e-02
2.812584757255220946e-01,-4.213904710243196461e-02
2.842419311093029588e-01,-4.159660066901726960e-02
2.853268239761323488e-01,-4.159660066901726960e-02
2.864117168429617388e-01,-4.159660066901726960e-02
2.874966097097911844e-01,-4.159660066901726960e-02
2.885815025766205744e-01,-4.159660066901726960e-02
2.896663954434499644e-01,-4.159660066901726960e-02
2.904800650935719930e-01,-4.159660066901726960e-02
2.929210740439381344e-01,-4.105415423560257460e-02
2.940059669107675799e-01,-4.105415423560257460e-02
2.950908597775969699e-01,-4.105415423560257460e-02
2.961757526444263600e-01,-4.105415423560257460e-02
2.972606455112557500e-01,-4.105415423560257460e-02
2.988879848114998627e-01,-4.105415423560257460e-02
2.997016544616218914e-01,-4.105415423560257460e-02
3.018714401952807269e-01,-4.051170780218786571e-02
3.032275562788174783e-01,-4.051170780218786571e-02
3.043124491456468683e-01,-4.051170780218786571e-02
3.053973420124762583e-01,-4.051170780218786571e-02
3.064822348793056483e-01,-4.051170780218786571e-02
3.075671277461350939e-01,-4.051170780218786571e-02
3.086520206129644839e-01,-4.051170780218786571e-02
3.119066992134526539e-01,-3.996926136877317071e-02
3.129915920802820994e-01,-3.996926136877317071e-02
3.140764849471114895e-01,-3.996926136877317071e-02
3.151613778139408795e-01,-3.996926136877317071e-02
3.162462706807702695e-01,-3.996926136877317071e-02
3.173311635475996595e-01,-3.996926136877317071e-02
3.184160564144290495e-01,-3.996926136877317071e-02
3.211282885815025523e-01,-3.942681493535846182e-02
3.222131814483319978e-01,-3.942681493535846182e-02
3.232980743151613878e-01,-3.942681493535846182e-02
3.243829671819907778e-01,-3.942681493535846182e-02
3.254678600488201679e-01,-3.942681493535846182e-02
3.265527529156495579e-01,-3.942681493535846182e-02
3.276376457824790034e-01,-3.942681493535846182e-02
3.284513154326010320e-01,-3.942681493535846182e-02
3.308923243829671734e-01,-3.888436850194376682e-02
3.319772172497965634e-01,-3.888436850194376682e-02
3.330621101166260090e-01,-3.888436850194376682e-02
3.341470029834553990e-01,-3.888436850194376682e-02
3.352318958502847890e-01,-3.888436850194376682e-02
3.363167887171141790e-01,-3.888436850194376682e-02
3.374016815839435690e-01,-3.888436850194376682e-02
3.406563601844317946e-01,-3.834192206852907181e-02
3.417412530512611846e-01,-3.834192206852907181e-02
3.428261459180905746e-01,-3.834192206852907181e-02
3.439110387849199646e-01,-3.834192206852907181e-02
3.449959316517494101e-01,-3.834192206852907181e-02
3.458096013018714387e-01,-3.834192206852907181e-02
3.471657173854081901e-01,-3.834192206852907181e-02
3.509628424193110829e-01,-3.779947563511436293e-02
3.520477352861404730e-01,-3.779947563511436293e-02
3.531326281529699185e-01,-3.779947563511436293e-02
3.542175210197993085e-01,-3.779947563511436293e-02
3.553024138866286985e-01,-3.779947563511436293e-02
3.563873067534580885e-01,-3.779947563511436293e-02
3.574721996202874785e-01,-3.779947563511436293e-02
3.601844317873609813e-01,-3.725702920169966792e-02
3.612693246541903713e-01,-3.725702920169966792e-02
3.623542175210198169e-01,-3.725702920169966792e-02
3.634391103878492069e-01,-3.725702920169966792e-02
3.645240032546785969e-01,-3.725702920169966792e-02
3.656088961215079869e-01,-3.725702920169966792e-02
3.666937889883373769e-01,-3.725702920169966792e-02
3.675074586384594610e-01,-3.725702920169966792e-02
3.699484675888256024e-01,-3.671458276828495904e-02
3.715758068890697152e-01,-3.671458276828495904e-02
3.726606997558991052e-01,-3.671458276828495904e-02
3.737455926227284952e-01,-3.671458276828495904e-02
3.748304854895578853e-01,-3.671458276828495904e-02
3.759153783563873308e-01,-3.671458276828495904e-02
3.770002712232167208e-01,-3.671458276828495904e-02
3.799837266069975850e-01,-3.617213633487026403e-02
3.813398426905343364e-01,-3.617213633487026403e-02
3.824247355573637264e-01,-3.617213633487026403e-02
3.835096284241931164e-01,-3.617213633487026403e-02
3.845945212910225064e-01,-3.617213633487026403e-02
3.856794141578518964e-01,-3.617213633487026403e-02
3.867643070246812864e-01,-3.617213633487026403e-02
3.875779766748033706e-01,-3.617213633487026403e-02
3.905614320585842347e-01,-3.562968990145556902e-02
3.916463249254136247e-01,-3.562968990145556902e-02
3.927312177922430148e-01,-3.562968990145556902e-02
3.938161106590724048e-01,-3.562968990145556902e-02
3.949010035259017948e-01,-3.562968990145556902e-02
3.959858963927312403e-01,-3.562968990145556902e-02
3.970707892595606303e-01,-3.562968990145556902e-02
3.978844589096826589e-01,-3.562968990145556902e-02
4.008679142934635231e-01,-3.508724346804086014e-02
4.019528071602929131e-01,-3.508724346804086014e-02
4.030377000271223031e-01,-3.508724346804086014e-02
4.041225928939517487e-01,-3.508724346804086014e-02
4.052074857607811387e-01,-3.508724346804086014e-02
4.062923786276105287e-01,-3.508724346804086014e-02
4.073772714944399187e-01,-3.508724346804086014e-02
4.081909411445619473e-01,-3.508724346804086014e-02
4.111743965283428115e-01,-3.454479703462616513e-02
4.122592893951722015e-01,-3.454479703462616513e-02
4.133441822620016470e-01,-3.454479703462616513e-02
4.144290751288310370e-01,-3.454479703462616513e-02
4.155139679956604271e-01,-3.454479703462616513e-02
4.165988608624898171e-01,-3.454479703462616513e-02
4.176837537293192071e-01,-3.454479703462616513e-02
4.214808787632221554e-01,-3.400235060121147013e-02
4.225657716300515454e-01,-3.400235060121147013e-02
4.236506644968809354e-01,-3.400235060121147013e-02
4.247355573637103254e-01,-3.400235060121147013e-02
4.258204502305397154e-01,-3.400235060121147013e-02
4.269053430973691610e-01,-3.400235060121147013e-02
4.279902359641985510e-01,-3.400235060121147013e-02
4.288039056143205796e-01,-3.400235060121147013e-02
4.315161377813940824e-01,-3.345990416779676124e-02
4.328722538649308338e-01,-3.345990416779676124e-02
4.339571467317602238e-01,-3.345990416779676124e-02
4.350420395985896138e-01,-3.345990416779676124e-02
4.361269324654190593e-01,-3.345990416779676124e-02
4.372118253322484493e-01,-3.345990416779676124e-02
4.382967181990778394e-01,-3.345990416779676124e-02
4.391103878491998680e-01,-3.345990416779676124e-02
4.420938432329807322e-01,-3.291745773438206624e-02
4.431787360998101222e-01,-3.291745773438206624e-02
4.442636289666395677e-01,-3.291745773438206624e-02
4.453485218334689577e-01,-3.291745773438206624e-02
4.464334147002983477e-01,-3.291745773438206624e-02
4.475183075671277377e-01,-3.291745773438206624e-02
4.486032004339571277e-01,-3.291745773438206624e-02
4.518578790344453533e-01,-3.237501130096735735e-02
4.529427719012747433e-01,-3.237501130096735735e-02
4.540276647681041333e-01,-3.237501130096735735e-02
4.551125576349335233e-01,-3.237501130096735735e-02
4.561974505017629689e-01,-3.237501130096735735e-02
4.572823433685923589e-01,-3.237501130096735735e-02
4.583672362354217489e-01,-3.237501130096735735e-02
4.594521291022511389e-01,-3.237501130096735735e-02
4.618931380526172803e-01,-3.183256486755266235e-02
4.632492541361540317e-01,-3.183256486755266235e-02
4.643341470029834772e-01,-3.183256486755266235e-02
4.654190398698128672e-01,-3.183256486755266235e-02
4.665039327366422572e-01,-3.183256486755266235e-02
4.675888256034716473e-01,-3.183256486755266235e-02
4.686737184703010373e-01,-3.183256486755266235e-02
4.697586113371304828e-01,-3.183256486755266235e-02
4.724708435042039856e-01,-3.129011843413796734e-02
4.735557363710333756e-01,-3.129011843413796734e-02
4.746406292378627656e-01,-3.129011843413796734e-02
4.757255221046921556e-01,-3.129011843413796734e-02
4.768104149715215456e-01,-3.129011843413796734e-02
4.778953078383509356e-01,-3.129011843413796734e-02
4.789802007051803812e-01,-3.129011843413796734e-02
4.827773257390832740e-01,-3.074767200072325846e-02
4.838622186059126640e-01,-3.074767200072325846e-02
4.849471114727420540e-01,-3.074767200072325846e-02
4.860320043395714440e-01,-3.074767200072325846e-02
4.871168972064008895e-01,-3.074767200072325846e-02
4.882017900732302795e-01,-3.074767200072325846e-02
4.892866829400596695e-01,-3.074767200072325846e-02
4.930838079739625623e-01,-3.020522556730856345e-02
4.941687008407919524e-01,-3.020522556730856345e-02
4.952535937076213979e-01,-3.020522556730856345e-02
4.963384865744507879e-01,-3.020522556730856345e-02
4.974233794412801779e-01,-3.020522556730856345e-02
4.985082723081095679e-01,-3.020522556730856345e-02
4.995931651749389579e-01,-3.020522556730856345e-02
5.039327366422565735e-01,-2.966277913389385457e-02
5.050176295090860190e-01,-2.966277913389385457e-02
5.061025223759153535e-01,-2.966277913389385457e-02
5.071874152427447990e-01,-2.966277913389385457e-02
5.082723081095741335e-01,-2.966277913389385457e-02
5.093572009764035791e-01,-2.966277913389385457e-02
5.104420938432330246e-01,-2.966277913389385457e-02
5.131543260103065274e-01,-2.912033270047915956e-02
5.147816653105505846e-01,-2.912033270047915956e-02
5.158665581773800302e-01,-2.912033270047915956e-02
5.169514510442093647e-01,-2.912033270047915956e-02
5.180363439110388102e-01,-2.912033270047915956e-02
5.191212367778681447e-01,-2.912033270047915956e-02
5.202061296446975902e-01,-2.912033270047915956e-02
5.210197992948196744e-01,-2.912033270047915956e-02
5.240032546786005385e-01,-2.857788626706446455e-02
5.250881475454298730e-01,-2.857788626706446455e-02
5.261730404122593185e-01,-2.857788626706446455e-02
5.272579332790886530e-01,-2.857788626706446455e-02
5.283428261459180986e-01,-2.857788626706446455e-02
5.294277190127475441e-01,-2.857788626706446455e-02
5.305126118795768786e-01,-2.857788626706446455e-02
5.343097369134798269e-01,-2.803543983364975567e-02
5.353946297803091614e-01,-2.803543983364975567e-02
5.364795226471386069e-01,-2.803543983364975567e-02
5.375644155139679414e-01,-2.803543983364975567e-02
5.386493083807973870e-01,-2.803543983364975567e-02
5.397342012476268325e-01,-2.803543983364975567e-02
5.405478708977488056e-01,-2.803543983364975567e-02
5.416327637645782511e-01,-2.803543983364975567e-02
5.443449959316517539e-01,-2.749299340023506066e-02
5.457011120151884498e-01,-2.749299340023506066e-02
5.467860048820178953e-01,-2.749299340023506066e-02
5.478708977488473408e-01,-2.749299340023506066e-02
5.489557906156766753e-01,-2.749299340023506066e-02
5.500406834825061209e-01,-2.749299340023506066e-02
5.511255763493354554e-01,-2.749299340023506066e-02
5.519392459994575395e-01,-2.749299340023506066e-02
5.554651478166531264e-01,-2.695054696682036566e-02
5.565500406834824609e-01,-2.695054696682036566e-02
5.576349335503119065e-01,-2.695054696682036566e-02
5.587198264171413520e-01,-2.695054696682036566e-02
5.598047192839706865e-01,-2.695054696682036566e-02
5.608896121508001320e-01,-2.695054696682036566e-02
5.619745050176294665e-01,-2.695054696682036566e-02
5.627881746677515507e-01,-2.695054696682036566e-02
5.657716300515324148e-01,-2.640810053340565677e-02
5.668565229183618603e-01,-2.640810053340565677e-02
5.679414157851911948e-01,-2.640810053340565677e-02
5.690263086520206404e-01,-2.640810053340565677e-02
5.701112015188499749e-01,-2.640810053340565677e-02
5.711960943856794204e-01,-2.640810053340565677e-02
5.722809872525088659e-01,-2.640810053340565677e-02
5.733658801193382004e-01,-2.640810053340565677e-02
5.766205587198264260e-01,-2.586565409999096177e-02
5.777054515866558715e-01,-2.586565409999096177e-02
5.787903444534852060e-01,-2.586565409999096177e-02
5.798752373203146515e-01,-2.586565409999096177e-02
5.809601301871439860e-01,-2.586565409999096177e-02
5.820450230539734315e-01,-2.586565409999096177e-02
5.831299159208027660e-01,-2.586565409999096177e-02
5.842148087876322116e-01,-2.586565409999096177e-02
5.852997016544616571e-01,-2.586565409999096177e-02
5.890968266883644944e-01,-2.532320766657625288e-02
5.901817195551939399e-01,-2.532320766657625288e-02
5.912666124220232744e-01,-2.532320766657625288e-02
5.923515052888527199e-01,-2.532320766657625288e-02
5.934363981556821654e-01,-2.532320766657625288e-02
5.945212910225114999e-01,-2.532320766657625288e-02
5.956061838893409455e-01,-2.532320766657625288e-02
5.966910767561702800e-01,-2.532320766657625288e-02
5.975047464062923641e-01,-2.532320766657625288e-02
6.004882017900732283e-01,-2.478076123316155788e-02
6.015730946569026738e-01,-2.478076123316155788e-02
6.026579875237320083e-01,-2.478076123316155788e-02
6.037428803905614538e-01,-2.478076123316155788e-02
6.048277732573907883e-01,-2.478076123316155788e-02
6.059126661242202339e-01,-2.478076123316155788e-02
6.069975589910496794e-01,-2.478076123316155788e-02
6.080824518578790139e-01,-2.478076123316155788e-02
6.091673447247084594e-01,-2.478076123316155788e-02
6.135069161920260195e-01,-2.423831479974686287e-02
6.145918090588554650e-01,-2.423831479974686287e-02
6.156767019256847995e-01,-2.423831479974686287e-02
6.167615947925142450e-01,-2.423831479974686287e-02
6.178464876593436905e-01,-2.423831479974686287e-02
6.189313805261730250e-01,-2.423831479974686287e-02
6.200162733930024705e-01,-2.423831479974686287e-02
6.211011662598318050e-01,-2.423831479974686287e-02
6.221860591266612506e-01,-2.423831479974686287e-02
6.232709519934906961e-01,-2.423831479974686287e-02
6.276105234608082561e-01,-2.369586836633215399e-02
6.292378627610523134e-01,-2.369586836633215399e-02
6.303227556278817589e-01,-2.369586836633215399e-02
6.314076484947110934e-01,-2.369586836633215399e-02
6.324925413615405390e-01,-2.369586836633215399e-02
6.335774342283699845e-01,-2.369586836633215399e-02
6.346623270951993190e-01,-2.369586836633215399e-02
6.357472199620287645e-01,-2.369586836633215399e-02
6.368321128288580990e-01,-2.369586836633215399e-02
6.379170056956875445e-01,-2.369586836633215399e-02
6.387306753458096287e-01,-2.369586836633215399e-02
6.427990235964198273e-01,-2.315342193291745898e-02
6.438839164632492729e-01,-2.315342193291745898e-02
6.455112557634933301e-01,-2.315342193291745898e-02
6.465961486303227757e-01,-2.315342193291745898e-02
6.476810414971521102e-01,-2.315342193291745898e-02
6.487659343639815557e-01,-2.315342193291745898e-02
6.498508272308110012e-01,-2.315342193291745898e-02
6.509357200976403357e-01,-2.315342193291745898e-02
6.517493897477624198e-01,-2.315342193291745898e-02
6.531055058312991157e-01,-2.315342193291745898e-02
6.541903986981285613e-01,-2.315342193291745898e-02
6.596148630322755668e-01,-2.261097549950276397e-02
6.606997558991050123e-01,-2.261097549950276397e-02
6.617846487659343468e-01,-2.261097549950276397e-02
6.628695416327637924e-01,-2.261097549950276397e-02
6.639544344995931269e-01,-2.261097549950276397e-02
6.650393273664225724e-01,-2.261097549950276397e-02
6.661242202332520179e-01,-2.261097549950276397e-02
6.672091131000813524e-01,-2.261097549950276397e-02
6.682940059669107979e-01,-2.261097549950276397e-02
6.693788988337401324e-01,-2.261097549950276397e-02
6.704637917005695780e-01,-2.261097549950276397e-02
6.715486845673990235e-01,-2.261097549950276397e-02
6.726335774342283580e-01,-2.261097549950276397e-02
6.737184703010578035e-01,-2.261097549950276397e-02
6.786004882017900863e-01,-2.206852906608805509e-02
6.796853810686194208e-01,-2.206852906608805509e-02
6.807702739354488664e-01,-2.206852906608805509e-02
6.818551668022783119e-01,-2.206852906608805509e-02
6.834825061025223691e-01,-2.206852906608805509e-02
6.845673989693518147e-01,-2.206852906608805509e-02
6.856522918361811492e-01,-2.206852906608805509e-02
6.867371847030105947e-01,-2.206852906608805509e-02
6.878220775698399292e-01,-2.206852906608805509e-02
6.889069704366693747e-01,-2.206852906608805509e-02
6.899918633034988202e-01,-2.206852906608805509e-02
6.910767561703281547e-01,-2.206852906608805509e-02
6.921616490371576003e-01,-2.206852906608805509e-02
6.932465419039869348e-01,-2.206852906608805509e-02
6.943314347708163803e-01,-2.206852906608805509e-02
6.954163276376458258e-01,-2.206852906608805509e-02
6.965012205044751603e-01,-2.206852906608805509e-02
6.975861133713046058e-01,-2.206852906608805509e-02
7.035530241388663342e-01,-2.152608263267336008e-02
7.046379170056956687e-01,-2.152608263267336008e-02
7.057228098725251142e-01,-2.152608263267336008e-02
7.068077027393544487e-01,-2.152608263267336008e-02
7.078925956061838942e-01,-2.152608263267336008e-02
7.089774884730133397e-01,-2.152608263267336008e-02
7.100623813398426742e-01,-2.152608263267336008e-02
7.111472742066721198e-01,-2.152608263267336008e-02
7.122321670735014543e-01,-2.152608263267336008e-02
7.133170599403308998e-01,-2.152608263267336008e-02
7.144019528071603453e-01,-2.152608263267336008e-02
7.154868456739896798e-01,-2.152608263267336008e-02
7.165717385408191253e-01,-2.152608263267336008e-02
7.176566314076484598e-01,-2.152608263267336008e-02
7.187415242744779054e-01,-2.152608263267336008e-02
7.198264171413073509e-01,-2.152608263267336008e-02
7.209113100081366854e-01,-2.152608263267336008e-02
7.219962028749661309e-01,-2.152608263267336008e-02
7.230810957417954654e-01,-2.152608263267336008e-02
7.241659886086249109e-01,-2.152608263267336008e-02
7.252508814754542454e-01,-2.152608263267336008e-02
7.263357743422836910e-01,-2.152608263267336008e-02
7.274206672091131365e-01,-2.152608263267336008e-02
7.285055600759424710e-01,-2.152608263267336008e-02
7.295904529427719165e-01,-2.152608263267336008e-02
7.306753458096012510e-01,-2.152608263267336008e-02
7.317602386764306965e-01,-2.152608263267336008e-02
7.426091673447247077e-01,-2.098363619925865120e-02
7.436940602115541532e-01,-2.098363619925865120e-02
7.447789530783834877e-01,-2.098363619925865120e-02
7.458638459452129332e-01,-2.098363619925865120e-02
7.469487388120422677e-01,-2.098363619925865120e-02
7.480336316788717133e-01,-2.098363619925865120e-02
7.491185245457011588e-01,-2.098363619925865120e-02
7.502034174125304933e-01,-2.098363619925865120e-02
7.512883102793599388e-01,-2.098363619925865120e-02
7.523732031461892733e-01,-2.098363619925865120e-02
7.534580960130187188e-01,-2.098363619925865120e-02
7.545429888798481644e-01,-2.098363619925865120e-02
7.556278817466774989e-01,-2.098363619925865120e-02
7.567127746135069444e-01,-2.098363619925865120e-02
7.577976674803362789e-01,-2.098363619925865120e-02
7.588825603471657244e-01,-2.098363619925865120e-02
7.599674532139951699e-01,-2.098363619925865120e-02
7.610523460808245044e-01,-2.098363619925865120e-02
7.621372389476539499e-01,-2.098363619925865120e-02
7.632221318144832845e-01,-2.098363619925865120e-02
7.643070246813127300e-01,-2.098363619925865120e-02
7.653919175481421755e-01,-2.098363619925865120e-02
7.664768104149715100e-01,-2.098363619925865120e-02
7.675617032818009555e-01,-2.098363619925865120e-02
7.686465961486302900e-01,-2.098363619925865120e-02
7.697314890154597355e-01,-2.098363619925865120e-02
7.708163818822890700e-01,-2.098363619925865120e-02
7.719012747491185156e-01,-2.098363619925865120e-02
7.729861676159479611e-01,-2.098363619925865120e-02
7.740710604827772956e-01,-2.098363619925865120e-02
7.751559533496067411e-01,-2.098363619925865120e-02
7.762408462164360756e-01,-2.098363619925865120e-02
7.773257390832655211e-01,-2.098363619925865120e-02
7.784106319500949667e-01,-2.098363619925865120e-02
7.794955248169243012e-01,-2.098363619925865120e-02
7.805804176837537467e-01,-2.098363619925865120e-02
7.816653105505830812e-01,-2.098363619925865120e-02
7.827502034174125267e-01,-2.098363619925865120e-02
7.838350962842419722e-01,-2.098363619925865120e-02
7.849199891510713067e-01,-2.098363619925865120e-02
7.860048820179007523e-01,-2.098363619925865120e-02
7.870897748847300868e-01,-2.098363619925865120e-02
7.881746677515595323e-01,-2.098363619925865120e-02
7.892595606183889778e-01,-2.098363619925865120e-02
7.903444534852183123e-01,-2.098363619925865120e-02
7.914293463520477578e-01,-2.098363619925865120e-02
7.925142392188770923e-01,-2.098363619925865120e-02
7.935991320857065379e-01,-2.098363619925865120e-02
7.944128017358286220e-01,-2.098363619925865120e-02
8.028207214537564917e-01,-2.152608263267336008e-02
8.039056143205858262e-01,-2.152608263267336008e-02
8.049905071874152718e-01,-2.152608263267336008e-02
8.060754000542446063e-01,-2.152608263267336008e-02
8.071602929210740518e-01,-2.152608263267336008e-02
8.082451857879034973e-01,-2.152608263267336008e-02
8.093300786547328318e-01,-2.152608263267336008e-02
8.104149715215622773e-01,-2.152608263267336008e-02
8.114998643883916118e-01,-2.152608263267336008e-02
8.125847572552210574e-01,-2.152608263267336008e-02
8.136696501220505029e-01,-2.152608263267336008e-02
8.147545429888798374e-01,-2.152608263267336008e-02
8.158394358557092829e-01,-2.152608263267336008e-02
8.169243287225386174e-01,-2.152608263267336008e-02
8.180092215893680629e-01,-2.152608263267336008e-02
8.190941144561973974e-01,-2.152608263267336008e-02
8.201790073230268430e-01,-2.152608263267336008e-02
8.212639001898562885e-01,-2.152608263267336008e-02
8.223487930566856230e-01,-2.152608263267336008e-02
8.234336859235150685e-01,-2.152608263267336008e-02
8.245185787903444030e-01,-2.152608263267336008e-02
8.256034716571738485e-01,-2.152608263267336008e-02
8.266883645240032941e-01,-2.152608263267336008e-02
8.277732573908326286e-01,-2.152608263267336008e-02
8.288581502576620741e-01,-2.152608263267336008e-02
8.296718199077841582e-01,-2.152608263267336008e-02
8.337401681583943569e-01,-2.206852906608805509e-02
8.348250610252238024e-01,-2.206852906608805509e-02
8.359099538920531369e-01,-2.206852906608805509e-02
8.369948467588825824e-01,-2.206852906608805509e-02
8.380797396257119170e-01,-2.206852906608805509e-02
8.391646324925413625e-01,-2.206852906608805509e-02
8.402495253593708080e-01,-2.206852906608805509e-02
8.413344182262001425e-01,-2.206852906608805509e-02
8.424193110930295880e-01,-2.206852906608805509e-02
8.435042039598589225e-01,-2.206852906608805509e-02
8.445890968266883680e-01,-2.206852906608805509e-02
8.456739896935178136e-01,-2.206852906608805509e-02
8.467588825603471481e-01,-2.206852906608805509e-02
8.478437754271765936e-01,-2.206852906608805509e-02
8.489286682940059281e-01,-2.206852906608805509e-02
8.532682397613235992e-01,-2.261097549950276397e-02
8.543531326281529337e-01,-2.261097549950276397e-02
8.554380254949823792e-01,-2.261097549950276397e-02
8.565229183618118247e-01,-2.261097549950276397e-02
8.576078112286411592e-01,-2.261097549950276397e-02
8.586927040954706047e-01,-2.261097549950276397e-02
8.597775969622999392e-01,-2.261097549950276397e-02
8.608624898291293848e-01,-2.261097549950276397e-02
8.619473826959587193e-01,-2.261097549950276397e-02
8.630322755627881648e-01,-2.261097549950276397e-02
8.641171684296176103e-01,-2.261097549950276397e-02
8.652020612964469448e-01,-2.261097549950276397e-02
8.684567398969351704e-01,-2.315342193291745898e-02
8.695416327637646159e-01,-2.315342193291745898e-02
8.706265256305939504e-01,-2.315342193291745898e-02
8.717114184974233959e-01,-2.315342193291745898e-02
8.727963113642527304e-01,-2.315342193291745898e-02
8.738812042310821759e-01,-2.315342193291745898e-02
8.749660970979116215e-01,-2.315342193291745898e-02
8.760509899647409560e-01,-2.315342193291745898e-02
8.771358828315704015e-01,-2.315342193291745898e-02
8.784919989151070974e-01,-2.315342193291745898e-02
8.809330078654732388e-01,-2.369586836633215399e-02
8.820179007323026843e-01,-2.369586836633215399e-02
8.831027935991321298e-01,-2.369586836633215399e-02
8.841876864659614643e-01,-2.369586836633215399e-02
8.852725793327909098e-01,-2.369586836633215399e-02
8.863574721996202443e-01,-2.369586836633215399e-02
8.874423650664496899e-01,-2.369586836633215399e-02
8.885272579332791354e-01,-2.369586836633215399e-02
8.893409275834011085e-01,-2.369586836633215399e-02
8.917819365337672499e-01,-2.423831479974686287e-02
8.928668294005966954e-01,-2.423831479974686287e-02
8.939517222674261410e-01,-2.423831479974686287e-02
8.950366151342554755e-01,-2.423831479974686287e-02
8.961215080010849210e-01,-2.423831479974686287e-02
8.972064008679142555e-01,-2.423831479974686287e-02
8.980200705180363396e-01,-2.423831479974686287e-02
8.993761866015731465e-01,-2.478076123316155788e-02
9.004610794684024810e-01,-2.478076123316155788e-02
9.015459723352319266e-01,-2.478076123316155788e-02
9.026308652020612611e-01,-2.505198444986890538e-02
9.037157580688907066e-01,-2.532320766657625288e-02
9.048006509357201521e-01,-2.532320766657625288e-02
9.058855438025494866e-01,-2.586565409999096177e-02
9.069704366693789321e-01,-2.586565409999096177e-02
9.080553295362082666e-01,-2.640810053340565677e-02
9.091402224030377122e-01,-2.640810053340565677e-02
9.102251152698670467e-01,-2.695054696682036566e-02
9.113100081366964922e-01,-2.695054696682036566e-02
9.123949010035259377e-01,-2.749299340023506066e-02
9.134797938703552722e-01,-2.749299340023506066e-02
9.142934635204773564e-01,-2.803543983364975567e-02
9.156495796040140522e-01,-2.803543983364975567e-02
9.164632492541361364e-01,-2.857788626706446455e-02
9.178193653376729433e-01,-2.857788626706446455e-02
9.189042582045022778e-01,-2.912033270047915956e-02
9.199891510713317233e-01,-2.912033270047915956e-02
9.210740439381610578e-01,-2.966277913389385457e-02
9.221589368049905033e-01,-2.966277913389385457e-02
9.232438296718199489e-01,-3.020522556730856345e-02
9.240574993219419220e-01,-3.020522556730856345e-02
9.259560618388934516e-01,-3.074767200072325846e-02
9.267697314890154248e-01,-3.074767200072325846e-02
9.281258475725522317e-01,-3.129011843413796734e-02
9.292107404393815662e-01,-3.156134165084531484e-02
9.302956333062110117e-01,-3.183256486755266235e-02
9.313805261730404572e-01,-3.226652201428442668e-02
9.324654190398697917e-01,-3.237501130096735735e-02
9.335503119066992372e-01,-3.280896844769913556e-02
9.346352047735285717e-01,-3.291745773438206624e-02
9.357200976403580173e-01,-3.345990416779676124e-02
9.368049905071874628e-01,-3.345990416779676124e-02
9.378898833740167973e-01,-3.400235060121147013e-02
9.389747762408462428e-01,-3.416508453123588696e-02
9.400596691076755773e-01,-3.454479703462616513e-02
9.411445619745050228e-01,-3.470753096465058196e-02
9.422294548413344684e-01,-3.508724346804086014e-02
9.433143477081638029e-01,-3.535846668474822152e-02
9.443992405749932484e-01,-3.562968990145556902e-02
9.454841334418225829e-01,-3.617213633487026403e-02
9.462978030919446670e-01,-3.644335955157761153e-02
9.468402495253593898e-01,-3.725702920169966792e-02
9.473826959587741126e-01,-3.834192206852907181e-02
9.468402495253593898e-01,-3.969803815206582320e-02
9.465690263086520284e-01,-4.105415423560257460e-02
9.462978030919446670e-01,-4.241027031913931211e-02
9.457553566585299443e-01,-4.349516318596871600e-02
9.454841334418225829e-01,-4.485127926950546740e-02
9.452129102251152215e-01,-4.620739535304221879e-02
9.446704637917006098e-01,-4.729228821987162268e-02
9.443992405749932484e-01,-4.864840430340837407e-02
9.441280173582858870e-01,-5.000452038694512547e-02
9.435855709248711642e-01,-5.108941325377452936e-02
9.435855709248711642e-01,-5.217430612060391937e-02
9.430431244914564415e-01,-5.325919898743332326e-02
9.430431244914564415e-01,-5.434409185426272715e-02
9.433143477081638029e-01,-5.542898472109213104e-02
9.443992405749932484e-01,-5.651387758792152105e-02
9.454841334418225829e-01,-5.678510080462888243e-02
9.462978030919446670e-01,-5.705632402133622993e-02
9.476539191754814739e-01,-5.732754723804357744e-02
9.487388120423108084e-01,-5.786999367145827244e-02
9.498237049091402540e-01,-5.786999367145827244e-02
9.509085977759695885e-01,-5.786999367145827244e-02
9.519934906427990340e-01,-5.721905795136064676e-02
9.528071602929211181e-01,-5.624265437121417355e-02
9.528071602929211181e-01,-5.542898472109213104e-02
9.533496067263357299e-01,-5.434409185426272715e-02
9.536208299430430912e-01,-5.298797577072597575e-02
9.538920531597504526e-01,-5.163185968718922436e-02
9.544344995931651754e-01,-5.054696682035982047e-02
9.547057228098725368e-01,-4.919085073682306908e-02
9.549769460265798982e-01,-4.783473465328631768e-02
9.555193924599946209e-01,-4.674984178645692767e-02
9.557906156767018713e-01,-4.539372570292017628e-02
9.560618388934092327e-01,-4.403760961938342489e-02
9.566042853268239554e-01,-4.295271675255402100e-02
9.568755085435313168e-01,-4.159660066901726960e-02
9.576891781936534009e-01,-4.051170780218786571e-02
9.590452942771900968e-01,-3.996926136877317071e-02
9.601301871440195423e-01,-3.996926136877317071e-02
9.612150800108488768e-01,-4.051170780218786571e-02
9.622999728776783224e-01,-4.067444173221228254e-02
9.639273121779223796e-01,-4.105415423560257460e-02
9.650122050447518252e-01,-4.159660066901726960e-02
9.660970979115812707e-01,-4.186782388572461711e-02
9.671819907784106052e-01,-4.213904710243196461e-02
9.682668836452400507e-01,-4.257300424916372894e-02
9.693517765120693852e-01,-4.268149353584667349e-02
9.704366693788988307e-01,-4.322393996926136850e-02
9.715215622457282763e-01,-4.349516318596871600e-02
9.726064551125576108e-01,-4.376638640267606351e-02
9.736913479793870563e-01,-4.430883283609077239e-02
9.747762408462163908e-01,-4.447156676611518922e-02
9.758611337130458363e-01,-4.485127926950546740e-02
9.769460265798752818e-01,-4.528523641623723173e-02
9.780309194467046163e-01,-4.539372570292017628e-02
9.791158123135340619e-01,-4.593617213633487129e-02
9.802007051803633964e-01,-4.620739535304221879e-02
9.812855980471928419e-01,-4.647861856974956629e-02
9.823704909140222874e-01,-4.702106500316427518e-02
9.834553837808516219e-01,-4.729228821987162268e-02
9.842690534309737060e-01,-4.756351143657897018e-02
9.856251695145104019e-01,-4.810595786999366519e-02
9.867100623813398474e-01,-4.837718108670102657e-02
9.877949552481692930e-01,-4.864840430340837407e-02
9.888798481149986275e-01,-4.919085073682306908e-02
9.896935177651207116e-01,-4.919085073682306908e-02
9.910496338486574075e-01,-4.973329717023777796e-02
9.921345267154868530e-01,-5.027574360365247297e-02
9.932194195823162985e-01,-5.054696682035982047e-02
9.943043124491456330e-01,-5.098092396709158480e-02
9.953892053159750786e-01,-5.136063647048187686e-02
9.964740981828044131e-01,-5.163185968718922436e-02
9.981014374830485814e-01,-5.244552933731128075e-02
9.989151071331705545e-01,-5.244552933731128075e-02
1.000000000000000000e+00,-5.190308290389657186e-02
1.000000000000000000e+00,-5.108941325377452936e-02
9.991863303498779159e-01,-4.946207395353041658e-02
9.981014374830485814e-01,-4.837718108670102657e-02
9.970165446162191358e-01,-4.783473465328631768e-02
9.959316517493898013e-01,-4.702106500316427518e-02
9.948467588825603558e-01,-4.620739535304221879e-02
9.937618660157309103e-01,-4.566494891962752378e-02
9.926769731489015758e-01,-4.512250248621281490e-02
9.913208570653647689e-01,-4.430883283609077239e-02
9.905071874152427958e-01,-4.365789711599313283e-02
9.894222945484133502e-01,-4.295271675255402100e-02
9.883374016815839047e-01,-4.241027031913931211e-02
9.872525088147545702e-01,-4.175933459904168643e-02
9.861676159479251247e-01,-4.105415423560257460e-02
9.850827230810957902e-01,-4.040321851550493504e-02
9.839978302142663447e-01,-3.969803815206582320e-02
9.829129373474368991e-01,-3.915559171865111432e-02
9.818280444806075646e-01,-3.850465599855348864e-02
9.807431516137781191e-01,-3.779947563511436293e-02
9.796582587469487846e-01,-3.725702920169966792e-02
9.785733658801193391e-01,-3.671458276828495904e-02
9.774884730132898936e-01,-3.590091311816291653e-02
9.764035801464605591e-01,-3.535846668474822152e-02
9.753186872796311135e-01,-3.481602025133351264e-02
9.742337944128017790e-01,-3.416508453123588696e-02
9.726064551125576108e-01,-3.318868095108941374e-02
9.715215622457282763e-01,-3.264623451767471873e-02
9.704366693788988307e-01,-3.210378808426000985e-02
9.693517765120693852e-01,-3.145285236416238417e-02
9.682668836452400507e-01,-3.091040593074767528e-02
9.669107675617032438e-01,-3.020522556730856345e-02
9.660970979115812707e-01,-2.966277913389385457e-02
9.650122050447518252e-01,-2.912033270047915956e-02
9.639273121779223796e-01,-2.857788626706446455e-02
9.628424193110930451e-01,-2.803543983364975567e-02
9.617575264442635996e-01,-2.738450411355212999e-02
9.606726335774342651e-01,-2.684205768013742111e-02
9.595877407106048196e-01,-2.613687731669830927e-02
9.585028478437753741e-01,-2.559443088328361426e-02
9.574179549769460396e-01,-2.505198444986890538e-02
9.563330621101165940e-01,-2.450953801645421037e-02
9.552481692432872595e-01,-2.396709158303950149e-02
9.541632763764578140e-01,-2.342464514962480648e-02
9.530783835096284795e-01,-2.288219871621011148e-02
9.519934906427990340e-01,-2.233975228279540259e-02
9.509085977759695885e-01,-2.179730584938070759e-02
9.498237049091402540e-01,-2.125485941596601258e-02
9.487388120423108084e-01,-2.071241298255130370e-02
9.476539191754814739e-01,-2.016996654913660869e-02
9.465690263086520284e-01,-1.962752011572189981e-02
9.454841334418225829e-01,-1.908507368230720480e-02
9.443992405749932484e-01,-1.854262724889250979e-02
9.433143477081638029e-01,-1.800018081547780091e-02
9.422294548413344684e-01,-1.745773438206310590e-02
9.411445619745050228e-01,-1.691528794864841090e-02
9.400596691076755773e-01,-1.637284151523370201e-02
9.389747762408462428e-01,-1.583039508181900701e-02
9.378898833740167973e-01,-1.528794864840429812e-02
9.368049905071874628e-01,-1.474550221498960312e-02
9.357200976403580173e-01,-1.436578971159932494e-02
9.346352047735285717e-01,-1.382334327818461606e-02
9.335503119066992372e-01,-1.328089684476992105e-02
9.324654190398697917e-01,-1.284693969803815672e-02
9.313805261730404572e-01,-1.230449326462344783e-02
9.302956333062110117e-01,-1.176204683120875283e-02
9.292107404393815662e-01,-1.121960039779405782e-02
9.281258475725522317e-01,-1.067715396437934894e-02
9.270409547057227861e-01,-1.013470753096465393e-02
9.259560618388934516e-01,-9.592261097549945048e-03
9.248711689720640061e-01,-9.049814664135250042e-03
9.237862761052345606e-01,-8.507368230720555036e-03
9.227013832384052261e-01,-8.236145014013193655e-03
9.216164903715757806e-01,-7.585209293915567974e-03
9.205315975047464461e-01,-7.151252147183803642e-03
9.194467046379170005e-01,-6.608805713769094758e-03
9.183618117710875550e-01,-6.066359280354399752e-03
9.172769189042582205e-01,-5.523912846939704746e-03
9.161920260374287750e-01,-4.981466413524995862e-03
9.151071331705994405e-01,-4.439019980110300856e-03
9.140222403037699950e-01,-4.059307476720008800e-03
9.129373474369405494e-01,-3.625350329988244469e-03
9.118524545701112149e-01,-3.082903896573549463e-03
9.107675617032817694e-01,-2.540457463158840579e-03
9.096826688364524349e-01,-1.998011029744145572e-03
9.085977759696229894e-01,-1.455564596329450566e-03
9.075128831027935439e-01,-1.075852092939158511e-03
9.064279902359642094e-01,-6.418949462073941792e-04
9.053430973691347639e-01,-2.621824428171160015e-04
9.042582045023054294e-01,1.717747039146483301e-04
9.031733116354759838e-01,7.142211373293572141e-04
9.020884187686466493e-01,8.227104240122878887e-04
9.010035259018172038e-01,1.256667570744052220e-03
8.999186330349877583e-01,1.527890787451399723e-03
8.988337401681584238e-01,1.799114004158761104e-03
8.977488473013289783e-01,2.178826507549039282e-03
8.966639544344996438e-01,2.341560437573456110e-03
8.947653919175481141e-01,2.884006870988151117e-03
8.939517222674261410e-01,3.155230087695512498e-03
8.928668294005966954e-01,3.426453304402860001e-03
8.917819365337672499e-01,3.697676521110207504e-03
8.906970436669379154e-01,3.968899737817555007e-03
8.896121508001084699e-01,4.240122954524909449e-03
8.885272579332791354e-01,4.511346171232256952e-03
8.874423650664496899e-01,4.782569387939604455e-03
8.863574721996202443e-01,5.053792604646958897e-03
8.852725793327909098e-01,5.325015821354306400e-03
8.841876864659614643e-01,5.596239038061660842e-03
8.831027935991321298e-01,5.867462254769008345e-03
8.820179007323026843e-01,6.138685471476355848e-03
8.809330078654732388e-01,6.409908688183710290e-03
8.798481149986439043e-01,6.681131904891057793e-03
8.784919989151070974e-01,7.223578338305759738e-03
8.776783292649851242e-01,7.223578338305759738e-03
8.765934363981556787e-01,7.494801555013107242e-03
8.755085435313262332e-01,7.766024771720461684e-03
8.744236506644968987e-01,8.037247988427809187e-03
8.733387577976674532e-01,8.308471205135156690e-03
8.722538649308381187e-01,8.579694421842511132e-03
8.711689720640086732e-01,8.850917638549858635e-03
8.698128559804719773e-01,9.393364071964560580e-03
8.689991863303498931e-01,9.393364071964560580e-03
8.679142934635204476e-01,9.664587288671908083e-03
8.668294005966911131e-01,9.935810505379262525e-03
8.654732845131543062e-01,1.020703372208661003e-02
8.646596148630322221e-01,1.047825693879395753e-02
8.635747219962028876e-01,1.058674622547690208e-02
8.624898291293734420e-01,1.102070337220865948e-02
8.614049362625441075e-01,1.102070337220865948e-02
8.603200433957146620e-01,1.156314980562336142e-02
8.592351505288853275e-01,1.156314980562336142e-02
8.581502576620558820e-01,1.210559623903806337e-02
8.570653647952264365e-01,1.210559623903806337e-02
8.559804719283971020e-01,1.264804267245275837e-02
8.548955790615676564e-01,1.264804267245275837e-02
8.538106861947383219e-01,1.319048910586746032e-02
8.527257933279088764e-01,1.319048910586746032e-02
8.516409004610794309e-01,1.357020160925775237e-02
8.505560075942500964e-01,1.373293553928216226e-02
8.494711147274206509e-01,1.400415875598950977e-02
8.483862218605913164e-01,1.427538197269686421e-02
8.473013289937618708e-01,1.454660518940421171e-02
8.462164361269324253e-01,1.481782840611156615e-02
8.451315432601030908e-01,1.508905162281891366e-02
8.440466503932736453e-01,1.536027483952626116e-02
8.424193110930295880e-01,1.573998734291655321e-02
8.413344182262001425e-01,1.590272127294096310e-02
8.402495253593708080e-01,1.617394448964831061e-02
8.391646324925413625e-01,1.644516770635566505e-02
8.380797396257119170e-01,1.671639092306301255e-02
8.369948467588825824e-01,1.698761413977036699e-02
8.356387306753457755e-01,1.725883735647771450e-02
8.348250610252238024e-01,1.753006057318506200e-02
8.337401681583943569e-01,1.753006057318506200e-02
8.326552752915649114e-01,1.807250700659976395e-02
8.315703824247355769e-01,1.807250700659976395e-02
8.304854895579061314e-01,1.861495344001446589e-02
8.294005966910767969e-01,1.861495344001446589e-02
8.283157038242473513e-01,1.888617665672181339e-02
8.272308109574179058e-01,1.915739987342916784e-02
8.261459180905885713e-01,1.942862309013651534e-02
8.250610252237591258e-01,1.969984630684386284e-02
8.239761323569297913e-01,1.969984630684386284e-02
8.226200162733929844e-01,2.024229274025856479e-02
8.218063466232709002e-01,2.024229274025856479e-02
8.207214537564415657e-01,2.078473917367326673e-02
8.196365608896121202e-01,2.078473917367326673e-02
8.185516680227827857e-01,2.105596239038061424e-02
8.174667751559533402e-01,2.132718560708796868e-02
8.158394358557092829e-01,2.186963204050266368e-02
8.147545429888798374e-01,2.186963204050266368e-02
8.136696501220505029e-01,2.214085525721001813e-02
8.125847572552210574e-01,2.241207847391736563e-02
8.114998643883916118e-01,2.268330169062472007e-02
8.104149715215622773e-01,2.295452490733206757e-02
8.093300786547328318e-01,2.295452490733206757e-02
8.082451857879034973e-01,2.349697134074676952e-02
8.071602929210740518e-01,2.349697134074676952e-02
8.060754000542446063e-01,2.387668384413706157e-02
8.049905071874152718e-01,2.403941777416147146e-02
8.039056143205858262e-01,2.431064099086881897e-02
8.028207214537564917e-01,2.458186420757616647e-02
8.017358285869270462e-01,2.458186420757616647e-02
8.001084892866829890e-01,2.512431064099086842e-02
7.990235964198535434e-01,2.523279992767381297e-02
7.979387035530240979e-01,2.566675707440557036e-02
7.968538106861947634e-01,2.566675707440557036e-02
7.957689178193653179e-01,2.620920350782027231e-02
7.946840249525359834e-01,2.620920350782027231e-02
7.935991320857065379e-01,2.648042672452761981e-02
7.925142392188770923e-01,2.675164994123496731e-02
7.914293463520477578e-01,2.675164994123496731e-02
7.900732302685109509e-01,2.729409637464966926e-02
7.892595606183889778e-01,2.729409637464966926e-02
7.881746677515595323e-01,2.767380887803996131e-02
7.870897748847300868e-01,2.783654280806437120e-02
7.860048820179007523e-01,2.810776602477171870e-02
7.849199891510713067e-01,2.837898924147907315e-02
7.838350962842419722e-01,2.837898924147907315e-02
7.827502034174125267e-01,2.892143567489376815e-02
7.816653105505830812e-01,2.892143567489376815e-02
7.800379712503390239e-01,2.946388210830847010e-02
7.789530783835095784e-01,2.946388210830847010e-02
7.778681855166802439e-01,2.973510532501582454e-02
7.767832926498507984e-01,3.000632854172317204e-02
7.756983997830214639e-01,3.000632854172317204e-02
7.746135069161920184e-01,3.054877497513787399e-02
7.735286140493625728e-01,3.054877497513787399e-02
7.724437211825332383e-01,3.081999819184522149e-02
7.713588283157037928e-01,3.109122140855256899e-02
7.700027122321670969e-01,3.109122140855256899e-02
7.691890425820450128e-01,3.163366784196727094e-02
7.681041497152155673e-01,3.163366784196727094e-02
7.670192568483862328e-01,3.190489105867462538e-02
7.659343639815567872e-01,3.217611427538197288e-02
7.648494711147274527e-01,3.217611427538197288e-02
7.637645782478980072e-01,3.271856070879667483e-02
7.626796853810686727e-01,3.271856070879667483e-02
7.615947925142392272e-01,3.298978392550402233e-02
7.605098996474097817e-01,3.326100714221136984e-02
7.594250067805804472e-01,3.326100714221136984e-02
7.583401139137510016e-01,3.380345357562607178e-02
7.572552210469216671e-01,3.380345357562607178e-02
7.561703281800922216e-01,3.407467679233342622e-02
7.550854353132627761e-01,3.434590000904077373e-02
7.540005424464334416e-01,3.434590000904077373e-02
7.529156495796039961e-01,3.488834644245547567e-02
7.518307567127746616e-01,3.488834644245547567e-02
7.507458638459452160e-01,3.488834644245547567e-02
7.496609709791157705e-01,3.543079287587017068e-02
7.485760781122864360e-01,3.543079287587017068e-02
7.474911852454569905e-01,3.570201609257752512e-02
7.464062923786276560e-01,3.597323930928487956e-02
7.453213995117982105e-01,3.597323930928487956e-02
7.442365066449687649e-01,3.651568574269957457e-02
7.431516137781394304e-01,3.651568574269957457e-02
7.420667209113099849e-01,3.651568574269957457e-02
7.409818280444806504e-01,3.705813217611427651e-02
7.398969351776512049e-01,3.705813217611427651e-02
7.388120423108217594e-01,3.732935539282162402e-02
7.377271494439924249e-01,3.760057860952897846e-02
7.366422565771629793e-01,3.760057860952897846e-02
7.355573637103336448e-01,3.814302504294367346e-02
7.344724708435041993e-01,3.814302504294367346e-02
7.333875779766747538e-01,3.814302504294367346e-02
7.323026851098454193e-01,3.868547147635837541e-02
7.312177922430159738e-01,3.868547147635837541e-02
7.301328993761866393e-01,3.895669469306572985e-02
7.290480065093571937e-01,3.922791790977307735e-02
7.279631136425277482e-01,3.922791790977307735e-02
7.268782207756984137e-01,3.949914112648042486e-02
7.257933279088689682e-01,3.977036434318777236e-02
7.247084350420396337e-01,3.977036434318777236e-02
7.236235421752101882e-01,4.004158755989512680e-02
7.225386493083807427e-01,4.031281077660248124e-02
7.214537564415514082e-01,4.031281077660248124e-02
7.203688635747219626e-01,4.085525721001717625e-02
7.192839707078926281e-01,4.085525721001717625e-02
7.181990778410631826e-01,4.085525721001717625e-02
7.171141849742338481e-01,4.139770364343187820e-02
7.160292921074044026e-01,4.139770364343187820e-02
7.149443992405749571e-01,4.139770364343187820e-02
7.138595063737456226e-01,4.194015007684658014e-02
7.127746135069161770e-01,4.194015007684658014e-02
7.116897206400868425e-01,4.194015007684658014e-02
7.106048277732573970e-01,4.248259651026127515e-02
7.095199349064279515e-01,4.248259651026127515e-02
7.084350420395986170e-01,4.248259651026127515e-02
7.073501491727691715e-01,4.302504294367597709e-02
7.062652563059398370e-01,4.302504294367597709e-02
7.051803634391103914e-01,4.302504294367597709e-02
7.040954705722809459e-01,4.356748937709067904e-02
7.030105777054516114e-01,4.356748937709067904e-02
7.019256848386221659e-01,4.356748937709067904e-02
7.008407919717928314e-01,4.410993581050537404e-02
6.997558991049633859e-01,4.410993581050537404e-02
6.986710062381339403e-01,4.410993581050537404e-02
6.975861133713046058e-01,4.438115902721272849e-02
6.965012205044751603e-01,4.465238224392008293e-02
6.954163276376458258e-01,4.465238224392008293e-02
6.943314347708163803e-01,4.492360546062743043e-02
6.927040954705723230e-01,4.519482867733477793e-02
6.916192026037428775e-01,4.519482867733477793e-02
6.902630865202061816e-01,4.573727511074947988e-02
6.894494168700840975e-01,4.573727511074947988e-02
6.883645240032546520e-01,4.573727511074947988e-02
6.872796311364253175e-01,4.600849832745683432e-02
6.861947382695958719e-01,4.627972154416418182e-02
6.851098454027664264e-01,4.627972154416418182e-02
6.840249525359370919e-01,4.627972154416418182e-02
6.829400596691076464e-01,4.682216797757887683e-02
6.818551668022783119e-01,4.682216797757887683e-02
6.804990507187415050e-01,4.682216797757887683e-02
6.796853810686194208e-01,4.736461441099358571e-02
6.786004882017900863e-01,4.736461441099358571e-02
6.775155953349606408e-01,4.736461441099358571e-02
6.761594792514239449e-01,4.790706084440828072e-02
6.753458096013018608e-01,4.790706084440828072e-02
6.742609167344725263e-01,4.790706084440828072e-02
6.731760238676430808e-01,4.790706084440828072e-02
6.720911310008136352e-01,4.844950727782298266e-02
6.710062381339843007e-01,4.844950727782298266e-02
6.699213452671548552e-01,4.844950727782298266e-02
6.688364524003255207e-01,4.872073049453033017e-02
6.672091131000813524e-01,4.899195371123768461e-02
6.661242202332520179e-01,4.899195371123768461e-02
6.650393273664225724e-01,4.926317692794503211e-02
6.639544344995931269e-01,4.953440014465237962e-02
6.628695416327637924e-01,4.953440014465237962e-02
6.615134255492269855e-01,4.953440014465237962e-02
6.601573094656902896e-01,5.007684657806708156e-02
6.590724165988608441e-01,5.007684657806708156e-02
6.579875237320315096e-01,5.007684657806708156e-02
6.569026308652020640e-01,5.034806979477443600e-02
6.558177379983726185e-01,5.061929301148178351e-02
6.547328451315432840e-01,5.061929301148178351e-02
6.536479522647138385e-01,5.061929301148178351e-02
6.520206129644697812e-01,5.116173944489648545e-02
6.509357200976403357e-01,5.116173944489648545e-02
6.498508272308110012e-01,5.116173944489648545e-02
6.487659343639815557e-01,5.143296266160383295e-02
6.476810414971521102e-01,5.170418587831118740e-02
6.465961486303227757e-01,5.170418587831118740e-02
6.455112557634933301e-01,5.170418587831118740e-02
6.444263628966639956e-01,5.197540909501853490e-02
6.433414700298345501e-01,5.224663231172588240e-02
6.422565771630051046e-01,5.224663231172588240e-02
6.411716842961757701e-01,5.224663231172588240e-02
6.392731217792243514e-01,5.278907874514058435e-02
6.384594521291022673e-01,5.278907874514058435e-02
6.373745592622728218e-01,5.278907874514058435e-02
6.362896663954434873e-01,5.278907874514058435e-02
6.352047735286140417e-01,5.333152517855528629e-02
6.341198806617845962e-01,5.333152517855528629e-02
6.330349877949552617e-01,5.333152517855528629e-02
6.319500949281258162e-01,5.333152517855528629e-02
6.308652020612964817e-01,5.387397161196998130e-02
6.297803091944670362e-01,5.387397161196998130e-02
6.286954163276375906e-01,5.387397161196998130e-02
6.276105234608082561e-01,5.387397161196998130e-02
6.262544073772714492e-01,5.441641804538468324e-02
6.254407377271494761e-01,5.441641804538468324e-02
6.243558448603200306e-01,5.441641804538468324e-02
6.232709519934906961e-01,5.441641804538468324e-02
6.221860591266612506e-01,5.468764126209203769e-02
6.211011662598318050e-01,5.495886447879938519e-02
6.200162733930024705e-01,5.495886447879938519e-02
6.189313805261730250e-01,5.495886447879938519e-02
6.178464876593436905e-01,5.495886447879938519e-02
6.167615947925142450e-01,5.550131091221408713e-02
6.156767019256847995e-01,5.550131091221408713e-02
6.145918090588554650e-01,5.550131091221408713e-02
6.135069161920260195e-01,5.550131091221408713e-02
6.124220233251966850e-01,5.577253412892143464e-02
6.113371304583672394e-01,5.604375734562878908e-02
6.102522375915377939e-01,5.604375734562878908e-02
6.091673447247084594e-01,5.604375734562878908e-02
6.080824518578790139e-01,5.604375734562878908e-02
6.067263357743423180e-01,5.658620377904348409e-02
6.059126661242202339e-01,5.658620377904348409e-02
6.048277732573907883e-01,5.658620377904348409e-02
6.037428803905614538e-01,5.658620377904348409e-02
6.026579875237320083e-01,5.658620377904348409e-02
6.015730946569026738e-01,5.712865021245818603e-02
6.004882017900732283e-01,5.712865021245818603e-02
5.994033089232437828e-01,5.712865021245818603e-02
5.983184160564144483e-01,5.712865021245818603e-02
5.972335231895850027e-01,5.712865021245818603e-02
5.961486303227556682e-01,5.767109664587288798e-02
5.950637374559262227e-01,5.767109664587288798e-02
5.939788445890967772e-01,5.767109664587288798e-02
5.928939517222674427e-01,5.767109664587288798e-02
5.918090588554379972e-01,5.767109664587288798e-02
5.904529427719013013e-01,5.821354307928758298e-02
5.896392731217792171e-01,5.821354307928758298e-02
5.885543802549497716e-01,5.821354307928758298e-02
5.874694873881204371e-01,5.821354307928758298e-02
5.863845945212909916e-01,5.821354307928758298e-02
5.847572552210469343e-01,5.875598951270228493e-02
5.836723623542174888e-01,5.875598951270228493e-02
5.825874694873881543e-01,5.875598951270228493e-02
5.815025766205587088e-01,5.875598951270228493e-02
5.804176837537293743e-01,5.875598951270228493e-02
5.790615676701925674e-01,5.929843594611698687e-02
5.779766748033631218e-01,5.929843594611698687e-02
5.771630051532411487e-01,5.929843594611698687e-02
5.760781122864117032e-01,5.929843594611698687e-02
5.749932194195823687e-01,5.929843594611698687e-02
5.739083265527529232e-01,5.929843594611698687e-02
5.725522104692161163e-01,5.984088237953168882e-02
5.717385408190941432e-01,5.984088237953168882e-02
5.706536479522646976e-01,5.984088237953168882e-02
5.695687550854353631e-01,5.984088237953168882e-02
5.684838622186059176e-01,5.984088237953168882e-02
5.673989693517764721e-01,5.984088237953168882e-02
5.660428532682397762e-01,6.038332881294639076e-02
5.649579604014103307e-01,6.038332881294639076e-02
5.641442907512883576e-01,6.038332881294639076e-02
5.630593978844589120e-01,6.038332881294639076e-02
5.619745050176294665e-01,6.038332881294639076e-02
5.608896121508001320e-01,6.038332881294639076e-02
5.592622728505559637e-01,6.092577524636108577e-02
5.581773799837266292e-01,6.092577524636108577e-02
5.570924871168971837e-01,6.092577524636108577e-02
5.560075942500678492e-01,6.092577524636108577e-02
5.549227013832384037e-01,6.092577524636108577e-02
5.538378085164089581e-01,6.092577524636108577e-02
5.524816924328722623e-01,6.146822167977578771e-02
5.516680227827501781e-01,6.146822167977578771e-02
5.505831299159208436e-01,6.146822167977578771e-02
5.494982370490913981e-01,6.146822167977578771e-02
5.484133441822619526e-01,6.146822167977578771e-02
5.473284513154326181e-01,6.146822167977578771e-02
5.462435584486031726e-01,6.146822167977578771e-02
5.448874423650664767e-01,6.201066811319048966e-02
5.440737727149443925e-01,6.201066811319048966e-02
5.429888798481149470e-01,6.201066811319048966e-02
5.419039869812856125e-01,6.201066811319048966e-02
5.408190941144561670e-01,6.201066811319048966e-02
5.397342012476268325e-01,6.201066811319048966e-02
5.386493083807973870e-01,6.201066811319048966e-02
5.364795226471386069e-01,6.255311454660518466e-02
5.353946297803091614e-01,6.255311454660518466e-02
5.343097369134798269e-01,6.255311454660518466e-02
5.332248440466503814e-01,6.255311454660518466e-02
5.321399511798210469e-01,6.255311454660518466e-02
5.310550583129916014e-01,6.255311454660518466e-02
5.299701654461621558e-01,6.255311454660518466e-02
5.286140493626254599e-01,6.309556098001989355e-02
5.278003797125033758e-01,6.309556098001989355e-02
5.267154868456740413e-01,6.309556098001989355e-02
5.256305939788445958e-01,6.309556098001989355e-02
5.245457011120151503e-01,6.309556098001989355e-02
5.234608082451858158e-01,6.309556098001989355e-02
5.223759153783563702e-01,6.309556098001989355e-02
5.212910225115270357e-01,6.309556098001989355e-02
5.193924599945755061e-01,6.363800741343458856e-02
5.185787903444535329e-01,6.363800741343458856e-02
5.174938974776240874e-01,6.363800741343458856e-02
5.164090046107946419e-01,6.363800741343458856e-02
5.153241117439653074e-01,6.363800741343458856e-02
5.142392188771358619e-01,6.363800741343458856e-02
5.131543260103065274e-01,6.363800741343458856e-02
5.120694331434770818e-01,6.363800741343458856e-02
5.109845402766476363e-01,6.363800741343458856e-02
5.090859777596962177e-01,6.418045384684928356e-02
5.082723081095741335e-01,6.418045384684928356e-02
5.071874152427447990e-01,6.418045384684928356e-02
5.061025223759153535e-01,6.418045384684928356e-02
5.050176295090860190e-01,6.418045384684928356e-02
5.039327366422565735e-01,6.418045384684928356e-02
5.028478437754271280e-01,6.418045384684928356e-02
5.017629509085977935e-01,6.418045384684928356e-02
5.006780580417683479e-01,6.418045384684928356e-02
4.995931651749389579e-01,6.418045384684928356e-02
4.963384865744507879e-01,6.472290028026399245e-02
4.952535937076213979e-01,6.472290028026399245e-02
4.941687008407919524e-01,6.472290028026399245e-02
4.930838079739625623e-01,6.472290028026399245e-02
4.919989151071331723e-01,6.472290028026399245e-02
4.909140222403037823e-01,6.472290028026399245e-02
4.898291293734743923e-01,6.472290028026399245e-02
4.887442365066449468e-01,6.472290028026399245e-02
4.876593436398155568e-01,6.472290028026399245e-02
4.865744507729861668e-01,6.472290028026399245e-02
4.830485489557906353e-01,6.526534671367868745e-02
4.822348793056685512e-01,6.526534671367868745e-02
4.811499864388391612e-01,6.526534671367868745e-02
4.800650935720097712e-01,6.526534671367868745e-02
4.789802007051803812e-01,6.526534671367868745e-02
4.778953078383509356e-01,6.526534671367868745e-02
4.768104149715215456e-01,6.526534671367868745e-02
4.757255221046921556e-01,6.526534671367868745e-02
4.746406292378627656e-01,6.526534671367868745e-02
4.735557363710333756e-01,6.526534671367868745e-02
4.724708435042039856e-01,6.526534671367868745e-02
4.713859506373745401e-01,6.526534671367868745e-02
4.703010577705451500e-01,6.526534671367868745e-02
4.692161649037157600e-01,6.526534671367868745e-02
4.648765934363981445e-01,6.580779314709339634e-02
4.637917005695687545e-01,6.580779314709339634e-02
4.627068077027393644e-01,6.580779314709339634e-02
4.616219148359099744e-01,6.580779314709339634e-02
4.605370219690805289e-01,6.580779314709339634e-02
4.594521291022511389e-01,6.580779314709339634e-02
4.583672362354217489e-01,6.580779314709339634e-02
4.572823433685923589e-01,6.580779314709339634e-02
4.561974505017629689e-01,6.580779314709339634e-02
4.551125576349335233e-01,6.580779314709339634e-02
4.540276647681041333e-01,6.580779314709339634e-02
4.529427719012747433e-01,6.580779314709339634e-02
4.518578790344453533e-01,6.580779314709339634e-02
4.507729861676159633e-01,6.580779314709339634e-02
4.496880933007865733e-01,6.580779314709339634e-02
4.486032004339571277e-01,6.580779314709339634e-02
4.475183075671277377e-01,6.580779314709339634e-02
4.464334147002983477e-01,6.580779314709339634e-02
4.453485218334689577e-01,6.580779314709339634e-02
4.442636289666395677e-01,6.580779314709339634e-02
4.431787360998101222e-01,6.580779314709339634e-02
4.420938432329807322e-01,6.580779314709339634e-02
4.410089503661513421e-01,6.580779314709339634e-02
4.282614591809059124e-01,6.635023958050809134e-02
4.274477895307838282e-01,6.635023958050809134e-02
4.263628966639544382e-01,6.635023958050809134e-02
4.252780037971250482e-01,6.635023958050809134e-02
4.241931109302956582e-01,6.635023958050809134e-02
4.231082180634662127e-01,6.635023958050809134e-02
4.220233251966368226e-01,6.635023958050809134e-02
4.209384323298074326e-01,6.635023958050809134e-02
4.198535394629780426e-01,6.635023958050809134e-02
4.187686465961486526e-01,6.635023958050809134e-02
4.176837537293192071e-01,6.635023958050809134e-02
4.165988608624898171e-01,6.635023958050809134e-02
4.035801464605370259e-01,6.580779314709339634e-02
4.024952535937076359e-01,6.580779314709339634e-02
4.014103607268782459e-01,6.580779314709339634e-02
4.003254678600488004e-01,6.580779314709339634e-02
3.992405749932194103e-01,6.580779314709339634e-02
3.981556821263900203e-01,6.580779314709339634e-02
3.970707892595606303e-01,6.580779314709339634e-02
3.959858963927312403e-01,6.580779314709339634e-02
3.949010035259017948e-01,6.580779314709339634e-02
3.938161106590724048e-01,6.580779314709339634e-02
3.927312177922430148e-01,6.580779314709339634e-02
3.916463249254136247e-01,6.580779314709339634e-02
3.905614320585842347e-01,6.580779314709339634e-02
3.894765391917547892e-01,6.580779314709339634e-02
3.883916463249253992e-01,6.580779314709339634e-02
3.873067534580960092e-01,6.580779314709339634e-02
3.862218605912666192e-01,6.580779314709339634e-02
3.851369677244372292e-01,6.580779314709339634e-02
3.840520748576077836e-01,6.580779314709339634e-02
3.829671819907783936e-01,6.580779314709339634e-02
3.818822891239490036e-01,6.580779314709339634e-02
3.807973962571196136e-01,6.580779314709339634e-02
3.756441551396799694e-01,6.526534671367868745e-02
3.748304854895578853e-01,6.526534671367868745e-02
3.737455926227284952e-01,6.526534671367868745e-02
3.726606997558991052e-01,6.526534671367868745e-02
3.715758068890697152e-01,6.526534671367868745e-02
3.704909140222403252e-01,6.526534671367868745e-02
3.694060211554108797e-01,6.526534671367868745e-02
3.683211282885814897e-01,6.526534671367868745e-02
3.672362354217520997e-01,6.526534671367868745e-02
3.661513425549227096e-01,6.526534671367868745e-02
3.650664496880933196e-01,6.526534671367868745e-02
3.637103336045565682e-01,6.526534671367868745e-02
3.628966639544344841e-01,6.526534671367868745e-02
3.585570924871169241e-01,6.472290028026399245e-02
3.574721996202874785e-01,6.472290028026399245e-02
3.563873067534580885e-01,6.472290028026399245e-02
3.553024138866286985e-01,6.472290028026399245e-02
3.542175210197993085e-01,6.472290028026399245e-02
3.531326281529699185e-01,6.472290028026399245e-02
3.520477352861404730e-01,6.472290028026399245e-02
3.509628424193110829e-01,6.472290028026399245e-02
3.498779495524816929e-01,6.472290028026399245e-02
3.460808245185788001e-01,6.418045384684928356e-02
3.449959316517494101e-01,6.418045384684928356e-02
3.439110387849199646e-01,6.418045384684928356e-02
3.428261459180905746e-01,6.418045384684928356e-02
3.417412530512611846e-01,6.418045384684928356e-02
3.406563601844317946e-01,6.418045384684928356e-02
3.395714673176024045e-01,6.418045384684928356e-02
3.384865744507729590e-01,6.418045384684928356e-02
3.352318958502847890e-01,6.363800741343458856e-02
3.341470029834553990e-01,6.363800741343458856e-02
3.330621101166260090e-01,6.363800741343458856e-02
3.319772172497965634e-01,6.363800741343458856e-02
3.308923243829671734e-01,6.363800741343458856e-02
3.298074315161377834e-01,6.363800741343458856e-02
3.287225386493083934e-01,6.363800741343458856e-02
3.251966368321128065e-01,6.309556098001989355e-02
3.243829671819907778e-01,6.309556098001989355e-02
3.232980743151613878e-01,6.309556098001989355e-02
3.222131814483319978e-01,6.309556098001989355e-02
3.211282885815025523e-01,6.309556098001989355e-02
3.200433957146731623e-01,6.309556098001989355e-02
3.173311635475996595e-01,6.255311454660518466e-02
3.159750474640629081e-01,6.255311454660518466e-02
3.151613778139408795e-01,6.255311454660518466e-02
3.140764849471114895e-01,6.255311454660518466e-02
3.129915920802820994e-01,6.255311454660518466e-02
3.119066992134526539e-01,6.255311454660518466e-02
3.094656902630865125e-01,6.201066811319048966e-02
3.086520206129644839e-01,6.201066811319048966e-02
3.075671277461350939e-01,6.201066811319048966e-02
3.064822348793056483e-01,6.201066811319048966e-02
3.053973420124762583e-01,6.201066811319048966e-02
3.024138866286953942e-01,6.146822167977578771e-02
3.016002169785733655e-01,6.146822167977578771e-02
3.005153241117439755e-01,6.146822167977578771e-02
2.994304312449145855e-01,6.146822167977578771e-02
2.983455383780851400e-01,6.146822167977578771e-02
2.972606455112557500e-01,6.146822167977578771e-02
2.950908597775969699e-01,6.092577524636108577e-02
2.940059669107675799e-01,6.092577524636108577e-02
2.929210740439381344e-01,6.092577524636108577e-02
2.918361811771087444e-01,6.092577524636108577e-02
2.907512883102793544e-01,6.092577524636108577e-02
2.888527257933279357e-01,6.038332881294639076e-02
2.880390561432058516e-01,6.038332881294639076e-02
2.869541632763764616e-01,6.038332881294639076e-02
2.858692704095470716e-01,6.038332881294639076e-02
2.847843775427176816e-01,6.038332881294639076e-02
2.828858150257662074e-01,5.984088237953168882e-02
2.820721453756441788e-01,5.984088237953168882e-02
2.809872525088147333e-01,5.984088237953168882e-02
2.799023596419853432e-01,5.984088237953168882e-02
2.788174667751559532e-01,5.984088237953168882e-02
2.766476810414971732e-01,5.929843594611698687e-02
2.755627881746677277e-01,5.929843594611698687e-02
2.744778953078383377e-01,5.929843594611698687e-02
2.731217792243015863e-01,5.929843594611698687e-02
2.701383238405207221e-01,5.875598951270228493e-02
2.690534309736913321e-01,5.875598951270228493e-02
2.679685381068619421e-01,5.875598951270228493e-02
2.652563059397884393e-01,5.821354307928758298e-02
2.641714130729590493e-01,5.821354307928758298e-02
2.630865202061296593e-01,5.821354307928758298e-02
2.606455112557635179e-01,5.767109664587288798e-02
2.598318416056414337e-01,5.767109664587288798e-02
2.587469487388120437e-01,5.767109664587288798e-02
2.576620558719826537e-01,5.767109664587288798e-02
2.557634933550311795e-01,5.712865021245818603e-02
2.549498237049091509e-01,5.712865021245818603e-02
2.538649308380797609e-01,5.712865021245818603e-02
2.527800379712503154e-01,5.712865021245818603e-02
2.508814754542988967e-01,5.658620377904348409e-02
2.500678058041768126e-01,5.658620377904348409e-02
2.489829129373474503e-01,5.658620377904348409e-02
2.478980200705180326e-01,5.658620377904348409e-02
2.457282343368592248e-01,5.604375734562878908e-02
2.446433414700298348e-01,5.604375734562878908e-02
2.435584486032004448e-01,5.604375734562878908e-02
2.413886628695416370e-01,5.550131091221408713e-02
2.403037700027122192e-01,5.550131091221408713e-02
2.392188771358828292e-01,5.550131091221408713e-02
2.370490914022240214e-01,5.495886447879938519e-02
2.359641985353946314e-01,5.495886447879938519e-02
2.348793056685652414e-01,5.495886447879938519e-02
2.329807431516137672e-01,5.441641804538468324e-02
2.321670735014917386e-01,5.441641804538468324e-02
2.310821806346623208e-01,5.441641804538468324e-02
2.289123949010035131e-01,5.387397161196998130e-02
2.278275020341741230e-01,5.387397161196998130e-02
2.267426091673447330e-01,5.387397161196998130e-02
2.248440466503932866e-01,5.333152517855528629e-02
2.240303770002712302e-01,5.333152517855528629e-02
2.229454841334418125e-01,5.333152517855528629e-02
2.210469216164903661e-01,5.278907874514058435e-02
2.202332519663683097e-01,5.278907874514058435e-02
2.191483590995389197e-01,5.278907874514058435e-02
2.172497965825874733e-01,5.224663231172588240e-02
2.164361269324654169e-01,5.224663231172588240e-02
2.153512340656360269e-01,5.224663231172588240e-02
2.126390018985625241e-01,5.170418587831118740e-02
2.115541090317331063e-01,5.170418587831118740e-02
2.101979929481963549e-01,5.116173944489648545e-02
2.093843232980743263e-01,5.116173944489648545e-02
2.082994304312449085e-01,5.116173944489648545e-02
2.064008679142934621e-01,5.061929301148178351e-02
2.055871982641714057e-01,5.061929301148178351e-02
2.045023053973420157e-01,5.061929301148178351e-02
2.028749660970979030e-01,5.007684657806708156e-02
2.017900732302685129e-01,5.007684657806708156e-02
1.990778410631950102e-01,4.953440014465237962e-02
1.979929481963656202e-01,4.953440014465237962e-02
1.958231624627068124e-01,4.899195371123768461e-02
1.947382695958773946e-01,4.899195371123768461e-02
1.925684838622186146e-01,4.844950727782298266e-02
1.914835909953891968e-01,4.844950727782298266e-02
1.893138052617304168e-01,4.790706084440828072e-02
1.882289123949009990e-01,4.790706084440828072e-02
1.868727963113642476e-01,4.736461441099358571e-02
1.860591266612421912e-01,4.736461441099358571e-02
1.849742337944128012e-01,4.736461441099358571e-02
1.833468944941686884e-01,4.682216797757887683e-02
1.822620016273392984e-01,4.682216797757887683e-02
1.798209926769731570e-01,4.627972154416418182e-02
1.790073230268511006e-01,4.627972154416418182e-02
1.773799837266069879e-01,4.573727511074947988e-02
1.762950908597775979e-01,4.573727511074947988e-02
1.743965283428261515e-01,4.519482867733477793e-02
1.735828586927040951e-01,4.519482867733477793e-02
1.714130729590452873e-01,4.465238224392008293e-02
1.703281800922158973e-01,4.465238224392008293e-02
1.687008407919717845e-01,4.410993581050537404e-02
1.676159479251423945e-01,4.410993581050537404e-02
1.659886086248982817e-01,4.356748937709067904e-02
1.649037157580688917e-01,4.356748937709067904e-02
1.635475996745321403e-01,4.302504294367597709e-02
1.627339300244100839e-01,4.302504294367597709e-02
1.608353675074586375e-01,4.248259651026127515e-02
1.600216978573365811e-01,4.248259651026127515e-02
1.581231353403851347e-01,4.194015007684658014e-02
1.573094656902630784e-01,4.194015007684658014e-02
1.554109031733116320e-01,4.139770364343187820e-02
1.545972335231895756e-01,4.139770364343187820e-02
1.529698942229454905e-01,4.085525721001717625e-02
1.518850013561160728e-01,4.085525721001717625e-02
1.505288852725793214e-01,4.031281077660248124e-02
1.497152156224572928e-01,4.031281077660248124e-02
1.480878763222131800e-01,3.977036434318777236e-02
1.470029834553837900e-01,3.977036434318777236e-02
1.456468673718470386e-01,3.922791790977307735e-02
1.448331977217249822e-01,3.922791790977307735e-02
1.434770816381882308e-01,3.868547147635837541e-02
1.426634119880661744e-01,3.868547147635837541e-02
1.407648494711147280e-01,3.814302504294367346e-02
1.399511798209926716e-01,3.814302504294367346e-02
1.385950637374559202e-01,3.760057860952897846e-02
1.377813940873338638e-01,3.760057860952897846e-02
1.364252780037971124e-01,3.705813217611427651e-02
1.356116083536750838e-01,3.705813217611427651e-02
1.342554922701383324e-01,3.651568574269957457e-02
1.334418226200162760e-01,3.651568574269957457e-02
1.320857065364795246e-01,3.597323930928487956e-02
1.312720368863574683e-01,3.597323930928487956e-02
1.299159208028207169e-01,3.543079287587017068e-02
1.291022511526986605e-01,3.543079287587017068e-02
1.277461350691619091e-01,3.488834644245547567e-02
1.269324654190398804e-01,3.488834644245547567e-02
1.255763493355031291e-01,3.434590000904077373e-02
1.247626796853810727e-01,3.434590000904077373e-02
1.234065636018443213e-01,3.380345357562607178e-02
1.225928939517222649e-01,3.380345357562607178e-02
1.212367778681855135e-01,3.326100714221136984e-02
1.204231082180634710e-01,3.326100714221136984e-02
1.187957689178193721e-01,3.271856070879667483e-02
1.174396528342826207e-01,3.217611427538197288e-02
1.166259831841605643e-01,3.217611427538197288e-02
1.152698671006238129e-01,3.163366784196727094e-02
1.144561974505017565e-01,3.163366784196727094e-02
1.128288581502576576e-01,3.109122140855256899e-02
1.114727420667209062e-01,3.054877497513787399e-02
1.106590724165988637e-01,3.054877497513787399e-02
1.090317331163547648e-01,3.000632854172317204e-02
1.076756170328180134e-01,2.946388210830847010e-02
1.068619473826959571e-01,2.946388210830847010e-02
1.052346080824518582e-01,2.892143567489376815e-02
1.036072687822077593e-01,2.837898924147907315e-02
1.019799294819636604e-01,2.783654280806437120e-02
9.981014374830485258e-02,2.729409637464966926e-02
9.818280444806075369e-02,2.675164994123496731e-02
9.655546514781665479e-02,2.620920350782027231e-02
9.492812584757255590e-02,2.566675707440557036e-02
9.275834011391374812e-02,2.512431064099086842e-02
9.113100081366964922e-02,2.458186420757616647e-02
8.950366151342555032e-02,2.403941777416147146e-02
8.787632221318145143e-02,2.349697134074676952e-02
8.624898291293735253e-02,2.295452490733206757e-02
8.462164361269323976e-02,2.241207847391736563e-02
8.326552752915650224e-02,2.186963204050266368e-02
8.190941144561975085e-02,2.132718560708796868e-02
8.028207214537563807e-02,2.078473917367326673e-02
7.865473284513153918e-02,2.024229274025856479e-02
7.702739354488744028e-02,1.969984630684386284e-02
7.567127746135068889e-02,1.915739987342916784e-02
7.431516137781393749e-02,1.861495344001446589e-02
7.268782207756983860e-02,1.807250700659976395e-02
7.160292921074043471e-02,1.753006057318506200e-02
6.997558991049633581e-02,1.698761413977036699e-02
6.861947382695958442e-02,1.644516770635566505e-02
6.726335774342283302e-02,1.590272127294096310e-02
6.590724165988608163e-02,1.536027483952626116e-02
6.455112557634933024e-02,1.481782840611156615e-02
6.319500949281257884e-02,1.427538197269686421e-02
6.183889340927583439e-02,1.373293553928216226e-02
6.075400054244643050e-02,1.319048910586746032e-02
5.939788445890968605e-02,1.264804267245275837e-02
5.831299159208028215e-02,1.210559623903806337e-02
5.695687550854353076e-02,1.156314980562336142e-02
5.560075942500677937e-02,1.102070337220865948e-02
5.451586655817738242e-02,1.047825693879395753e-02
5.343097369134797853e-02,9.935810505379262525e-03
5.234608082451858158e-02,9.393364071964560580e-03
5.098996474098183018e-02,8.850917638549858635e-03
4.990507187415242629e-02,8.308471205135156690e-03
4.882017900732302934e-02,7.766024771720461684e-03
4.746406292378627795e-02,7.223578338305759738e-03
4.610794684024952655e-02,6.409908688183710290e-03
4.502305397342012266e-02,5.867462254769008345e-03
4.393816110659072571e-02,5.325015821354306400e-03
4.285326823976132182e-02,4.782569387939604455e-03
4.149715215622457043e-02,3.968899737817555007e-03
4.041225928939517348e-02,3.426453304402860001e-03
3.932736642256576959e-02,2.884006870988151117e-03
3.797125033902901819e-02,2.070337220866108607e-03
3.688635747219962124e-02,1.527890787451399723e-03
3.553024138866286985e-02,7.142211373293572141e-04
3.417412530512611846e-02,-9.944851279269917299e-05
3.281800922158936706e-02,-9.131181629147416823e-04
3.146189313805261567e-02,-1.726787813036798069e-03
2.983455383780851677e-02,-2.811680679866201960e-03
2.847843775427176538e-02,-3.625350329988244469e-03
2.766476810414971593e-02,-4.167796763402953353e-03
2.657987523732031551e-02,-4.981466413524995862e-03
2.495253593707621315e-02,-6.066359280354399752e-03
2.359641985353946175e-02,-6.880028930476442262e-03
2.278275020341741230e-02,-7.693698580598498649e-03
2.142663411988066091e-02,-8.507368230720555036e-03
2.061296446975861146e-02,-9.321037880842597545e-03
1.925684838622186007e-02,-1.013470753096465393e-02
1.844317873609981062e-02,-1.094837718108669644e-02
1.735828586927041020e-02,-1.203327004791610033e-02
1.600216978573365881e-02,-1.284693969803815672e-02
1.518850013561160762e-02,-1.366060934816019923e-02
1.410360726878220720e-02,-1.474550221498960312e-02
1.301871440195280678e-02,-1.583039508181900701e-02
1.193382153512340636e-02,-1.691528794864841090e-02
1.084892866829400594e-02,-1.800018081547780091e-02
9.764035801464605521e-03,-1.908507368230720480e-02
8.950366151342554338e-03,-2.016996654913660869e-02
8.136696501220504890e-03,-2.125485941596601258e-02
7.051803634391103602e-03,-2.233975228279540259e-02
5.966910767561703181e-03,-2.396709158303950149e-02
5.153241117439652866e-03,-2.505198444986890538e-02
4.339571467317602550e-03,-2.640810053340565677e-02
3.525901817195551801e-03,-2.776421661694240817e-02
2.983455383780851591e-03,-2.884910948377181206e-02
2.441008950366151380e-03,-2.993400235060121595e-02
1.898562516951450953e-03,-3.101889521743060596e-02
1.627339300244100848e-03,-3.199529879757707918e-02
1.356116083536750743e-03,-3.318868095108941374e-02
8.136696501220504240e-04,-3.427357381791881763e-02
5.424464334147003188e-04,-3.535846668474822152e-02
2.712232167073501594e-04,-3.644335955157761153e-02
2.712232167073501594e-04,-3.752825241840701542e-02
2.712232167073501594e-04,-3.861314528523641931e-02
