2.711496746203904636e-04,-3.776973848672274259e-02
5.422993492407809273e-04,-3.679359965808932931e-02
1.084598698481561855e-03,-3.598015063422815851e-02
1.084598698481561855e-03,-3.516670161036698772e-02
1.626898047722342673e-03,-3.435325258650581692e-02
1.626898047722342673e-03,-3.353980356264464613e-02
2.169197396963123709e-03,-3.272635453878347533e-02
2.440347071583514119e-03,-3.180444564507414751e-02
2.982646420824294937e-03,-3.071984694659259107e-02
3.524945770065075756e-03,-2.947255844333879216e-02
4.338394793926247418e-03,-2.811681007023683621e-02
4.880694143167028237e-03,-2.730336104637566541e-02
5.422993492407809056e-03,-2.648991202251449462e-02
5.965292841648589875e-03,-2.567646299865332382e-02
6.507592190889370694e-03,-2.486301397479215303e-02
7.321041214750542356e-03,-2.377841527631058272e-02
8.405639913232103994e-03,-2.242266690320864064e-02
9.490238611713665631e-03,-2.106691853010668469e-02
1.057483731019522727e-02,-1.998231983162511438e-02
1.165943600867678891e-02,-1.889772113314355795e-02
1.274403470715835054e-02,-1.781312243466200151e-02
1.382863340563991392e-02,-1.672852373618043120e-02
1.491323210412147555e-02,-1.564392503769887477e-02
1.599783080260303719e-02,-1.455932633921730446e-02
1.681127982646420799e-02,-1.374587731535613366e-02
1.816702819956616047e-02,-1.293242829149496287e-02
1.925162689804772384e-02,-1.184782959301340644e-02
2.033622559652928374e-02,-1.103438056915223564e-02
2.142082429501084712e-02,-1.022093154529106485e-02
2.223427331887201791e-02,-9.407482521429894051e-03
2.359002169197397039e-02,-8.594033497568723257e-03
2.521691973969631198e-02,-7.509434799087152945e-03
2.630151843817787535e-02,-6.695985775225982151e-03
2.738611713665943526e-02,-5.882536751364811356e-03
2.901301518438178031e-02,-4.797938052883254922e-03
3.009761388286334022e-02,-4.255638703642469767e-03
3.172451193058568181e-02,-3.171040005160913333e-03
3.308026030368763776e-02,-2.357590981299742539e-03
3.443600867678958677e-02,-1.544141957438571744e-03
3.579175704989154272e-02,-7.306929335774009493e-04
3.714750542299349173e-02,8.275609028376984533e-05
3.823210412147505510e-02,6.250554395245550010e-04
3.958785249457700411e-02,1.438504463385725796e-03
4.067245119305856749e-02,1.980803812626510951e-03
4.202819956616052344e-02,2.794252836487681746e-03
4.311279826464207987e-02,3.336552185728453024e-03
4.419739696312364324e-02,3.878851534969238180e-03
4.555314533622559919e-02,4.692300558830408974e-03
4.663774403470715563e-02,5.234599908071194130e-03
4.772234273318871900e-02,5.776899257311972347e-03
4.880694143167028237e-02,6.319198606552757502e-03
5.016268980477223138e-02,6.861497955793535719e-03
5.124728850325379476e-02,7.403797305034313936e-03
5.233188720173535813e-02,7.946096654275099092e-03
5.368763557483730714e-02,8.488396003515877308e-03
5.477223427331887051e-02,9.030695352756655525e-03
5.585683297180043388e-02,9.572994701997440681e-03
5.721258134490238290e-02,1.011529405123821890e-02
5.856832971800433885e-02,1.065759340047900405e-02
5.965292841648590222e-02,1.119989274971978227e-02
6.100867678958785123e-02,1.174219209896056049e-02
6.209327548806941460e-02,1.228449144820134564e-02
6.344902386117136361e-02,1.282679079744212386e-02
6.480477223427331956e-02,1.336909014668290901e-02
6.616052060737527551e-02,1.391138949592368723e-02
6.751626898047721759e-02,1.445368884516446545e-02
6.887201735357917354e-02,1.499598819440525060e-02
7.022776572668112949e-02,1.553828754364602882e-02
7.185466377440347108e-02,1.608058689288681398e-02
7.293926247288502751e-02,1.662288624212759219e-02
7.456616052060736910e-02,1.716518559136837041e-02
7.619305856832972457e-02,1.770748494060915557e-02
7.727765726681128100e-02,1.824978428984993378e-02
7.890455531453362259e-02,1.879208363909071200e-02
8.053145336225596418e-02,1.933438298833149716e-02
8.215835140997830577e-02,1.987668233757227537e-02
8.378524945770064736e-02,2.041898168681306053e-02
8.514099783080260331e-02,2.096128103605383874e-02
8.649674620390455926e-02,2.150358038529461696e-02
8.812364425162690085e-02,2.204587973453540212e-02
8.975054229934924244e-02,2.258817908377618033e-02
9.137744034707158403e-02,2.313047843301696549e-02
9.300433839479392562e-02,2.367277778225774371e-02
9.381778741865509641e-02,2.367277778225774371e-02
9.517353579175705236e-02,2.421507713149852192e-02
9.680043383947939395e-02,2.475737648073930708e-02
9.842733188720173554e-02,2.529967582998008530e-02
1.000542299349240771e-01,2.584197517922086351e-02
1.016811279826464187e-01,2.638427452846164867e-02
1.024945770065075895e-01,2.638427452846164867e-02
1.038503253796095455e-01,2.692657387770242688e-02
1.054772234273318871e-01,2.746887322694321204e-02
1.071041214750542286e-01,2.801117257618399026e-02
1.079175704989153994e-01,2.801117257618399026e-02
1.092733188720173554e-01,2.855347192542476847e-02
1.109002169197396970e-01,2.909577127466555363e-02
1.117136659436008678e-01,2.909577127466555363e-02
1.130694143167028237e-01,2.963807062390633185e-02
1.146963123644251653e-01,3.018036997314711700e-02
1.155097613882863361e-01,3.018036997314711700e-02
1.168655097613882921e-01,3.072266932238789522e-02
1.176789587852494628e-01,3.072266932238789522e-02
1.190347071583514049e-01,3.126496867162867344e-02
1.212039045553145317e-01,3.180726802086945859e-02
1.228308026030368733e-01,3.234956737011023681e-02
1.236442516268980440e-01,3.234956737011023681e-02
1.250000000000000000e-01,3.289186671935102196e-02
1.258134490238611847e-01,3.289186671935102196e-02
1.271691973969631129e-01,3.343416606859180018e-02
1.279826464208242975e-01,3.343416606859180018e-02
1.293383947939262535e-01,3.397646541783257840e-02
1.301518438177874104e-01,3.397646541783257840e-02
1.315075921908893664e-01,3.451876476707336355e-02
1.323210412147505510e-01,3.451876476707336355e-02
1.336767895878525070e-01,3.506106411631414177e-02
1.344902386117136639e-01,3.506106411631414177e-02
1.358459869848156198e-01,3.560336346555491999e-02
1.366594360086767768e-01,3.560336346555491999e-02
1.385574837310195317e-01,3.614566281479570514e-02
1.407266811279826446e-01,3.668796216403648336e-02
1.415401301518438293e-01,3.668796216403648336e-02
1.428958785249457575e-01,3.723026151327726851e-02
1.437093275488069422e-01,3.723026151327726851e-02
1.450650759219088981e-01,3.777256086251804673e-02
1.458785249457700550e-01,3.777256086251804673e-02
1.477765726681128100e-01,3.831486021175882495e-02
1.485900216919739669e-01,3.831486021175882495e-02
1.499457700650759229e-01,3.885715956099961010e-02
1.507592190889370798e-01,3.885715956099961010e-02
1.526572668112798348e-01,3.939945891024038832e-02
1.534707158351409917e-01,3.939945891024038832e-02
1.548264642082429476e-01,3.994175825948116654e-02
1.559110629067245180e-01,3.994175825948116654e-02
1.575379609544468595e-01,4.048405760872195169e-02
1.583514099783080165e-01,4.048405760872195169e-02
1.602494577006507714e-01,4.102635695796273685e-02
1.610629067245119284e-01,4.102635695796273685e-02
1.629609544468546556e-01,4.156865630720351507e-02
1.637744034707158403e-01,4.156865630720351507e-02
1.656724511930585675e-01,4.211095565644429328e-02
1.664859002169197522e-01,4.211095565644429328e-02
1.683839479392624794e-01,4.265325500568507844e-02
1.710954446854663913e-01,4.319555435492585665e-02
1.719088937093275482e-01,4.319555435492585665e-02
1.738069414316702754e-01,4.373785370416663487e-02
1.746203904555314601e-01,4.428015305340742003e-02
1.751626898047722314e-01,4.509360207726859082e-02
1.751626898047722314e-01,4.753394914885210321e-02
1.751626898047722314e-01,4.834739817271327400e-02
1.746203904555314601e-01,5.051659556967640075e-02
1.746203904555314601e-01,5.160119426815795718e-02
1.740780911062906611e-01,5.377039166512108392e-02
1.740780911062906611e-01,5.485499036360264730e-02
1.735357917570498898e-01,5.702418776056576710e-02
1.735357917570498898e-01,5.810878645904733047e-02
1.729934924078091185e-01,5.973568450676967206e-02
1.729934924078091185e-01,6.082028320525123544e-02
1.729934924078091185e-01,6.244718125297357703e-02
1.738069414316702754e-01,6.353177995145514734e-02
1.748915401301518457e-01,6.434522897531631813e-02
1.759761388286334161e-01,6.434522897531631813e-02
1.776030368763557576e-01,6.488752832455708941e-02
1.786876355748373002e-01,6.488752832455708941e-02
1.808568329718004408e-01,6.542982767379787457e-02
1.819414316702819834e-01,6.542982767379787457e-02
1.846529284164858953e-01,6.597212702303865972e-02
1.854663774403470800e-01,6.597212702303865972e-02
1.868221258134490359e-01,6.651442637227943100e-02
1.879067245119305785e-01,6.651442637227943100e-02
1.900759219088937191e-01,6.705672572152021615e-02
1.911605206073752616e-01,6.651442637227943100e-02
1.919739696312364463e-01,6.597212702303865972e-02
1.925162689804772176e-01,6.515867799917748893e-02
1.925162689804772176e-01,6.434522897531631813e-02
1.930585683297180166e-01,6.298948060221436218e-02
1.930585683297180166e-01,6.190488190373279881e-02
1.936008676789587879e-01,5.973568450676967206e-02
1.936008676789587879e-01,5.865108580828810869e-02
1.941431670281995592e-01,5.702418776056576710e-02
1.941431670281995592e-01,5.593958906208421067e-02
1.941431670281995592e-01,5.512614003822303987e-02
1.946854663774403582e-01,5.377039166512108392e-02
1.946854663774403582e-01,5.268579296663952055e-02
1.952277657266811295e-01,4.997429622043561559e-02
1.960412147505422864e-01,4.888969752195405916e-02
1.971258134490238567e-01,4.807624849809288836e-02
1.982104121475054270e-01,4.807624849809288836e-02
1.992950108459869973e-01,4.807624849809288836e-02
2.001084598698481543e-01,4.807624849809288836e-02
2.014642082429501102e-01,4.861854784733366658e-02
2.025488069414316805e-01,4.861854784733366658e-02
2.033622559652928374e-01,4.861854784733366658e-02
2.052603036876355647e-01,4.916084719657444480e-02
2.063449023861171350e-01,4.916084719657444480e-02
2.085140997830802478e-01,4.970314654581522995e-02
2.095986984815618182e-01,4.970314654581522995e-02
2.104121475054230028e-01,4.970314654581522995e-02
2.123101952277657301e-01,5.024544589505600817e-02
2.133947939262473004e-01,5.024544589505600817e-02
2.142082429501084573e-01,5.024544589505600817e-02
2.155639913232104132e-01,5.078774524429678638e-02
2.166485900216919835e-01,5.078774524429678638e-02
2.177331887201735261e-01,5.078774524429678638e-02
2.193600867678958677e-01,5.133004459353757154e-02
2.204446854663774380e-01,5.133004459353757154e-02
2.215292841648590083e-01,5.133004459353757154e-02
2.231561822125813499e-01,5.187234394277834976e-02
2.242407809110629202e-01,5.187234394277834976e-02
2.250542299349240771e-01,5.187234394277834976e-02
2.274945770065076034e-01,5.241464329201912797e-02
2.285791757049891459e-01,5.241464329201912797e-02
2.293926247288503306e-01,5.241464329201912797e-02
2.312906724511930578e-01,5.295694264125991313e-02
2.323752711496746282e-01,5.295694264125991313e-02
2.334598698481561707e-01,5.295694264125991313e-02
2.356290672451193113e-01,5.349924199050069135e-02
2.367136659436008539e-01,5.349924199050069135e-02
2.375271149674620386e-01,5.349924199050069135e-02
2.399674620390455648e-01,5.404154133974147650e-02
2.410520607375271074e-01,5.404154133974147650e-02
2.418655097613882921e-01,5.404154133974147650e-02
2.443058568329717906e-01,5.458384068898225472e-02
2.453904555314533609e-01,5.458384068898225472e-02
2.464750542299349312e-01,5.458384068898225472e-02
2.486442516268980440e-01,5.512614003822303987e-02
2.497288503253796144e-01,5.512614003822303987e-02
2.508134490238611569e-01,5.512614003822303987e-02
2.535249457700650688e-01,5.566843938746381809e-02
2.546095444685466114e-01,5.566843938746381809e-02
2.556941431670282094e-01,5.566843938746381809e-02
2.584056399132321213e-01,5.621073873670459631e-02
2.594902386117136639e-01,5.621073873670459631e-02
2.605748373101952065e-01,5.621073873670459631e-02
2.613882863340564189e-01,5.621073873670459631e-02
2.632863340563991184e-01,5.675303808594538146e-02
2.643709327548807164e-01,5.675303808594538146e-02
2.654555314533622590e-01,5.675303808594538146e-02
2.662689804772234159e-01,5.675303808594538146e-02
2.681670281995661709e-01,5.729533743518615968e-02
2.692516268980477134e-01,5.729533743518615968e-02
2.703362255965293115e-01,5.729533743518615968e-02
2.714208242950108541e-01,5.729533743518615968e-02
2.735900216919739947e-01,5.783763678442693790e-02
2.746746203904555372e-01,5.783763678442693790e-02
2.757592190889370798e-01,5.783763678442693790e-02
2.768438177874186779e-01,5.783763678442693790e-02
2.776572668112798348e-01,5.783763678442693790e-02
2.795553145336225342e-01,5.837993613366772305e-02
2.806399132321041323e-01,5.837993613366772305e-02
2.817245119305856749e-01,5.837993613366772305e-02
2.828091106290672174e-01,5.837993613366772305e-02
2.855206073752711293e-01,5.892223548290850127e-02
2.866052060737527274e-01,5.892223548290850127e-02
2.876898047722342699e-01,5.892223548290850127e-02
2.887744034707158125e-01,5.892223548290850127e-02
2.895878524945770249e-01,5.892223548290850127e-02
2.914859002169197244e-01,5.946453483214928643e-02
2.925704989154013225e-01,5.946453483214928643e-02
2.936550976138828650e-01,5.946453483214928643e-02
2.947396963123644076e-01,5.946453483214928643e-02
2.960954446854663913e-01,5.946453483214928643e-02
2.979934924078090908e-01,6.000683418139006464e-02
2.990780911062906888e-01,6.000683418139006464e-02
3.001626898047722314e-01,6.000683418139006464e-02
3.012472885032537739e-01,6.000683418139006464e-02
3.023318872017353720e-01,6.000683418139006464e-02
3.055856832971800552e-01,6.054913353063084286e-02
3.066702819956615977e-01,6.054913353063084286e-02
3.077548806941431403e-01,6.054913353063084286e-02
3.088394793926247384e-01,6.054913353063084286e-02
3.099240780911062809e-01,6.054913353063084286e-02
3.131778741865509641e-01,6.109143287987162801e-02
3.142624728850325622e-01,6.109143287987162801e-02
3.153470715835141047e-01,6.109143287987162801e-02
3.164316702819956473e-01,6.109143287987162801e-02
3.175162689804772453e-01,6.109143287987162801e-02
3.183297180043384023e-01,6.109143287987162801e-02
3.213123644251626998e-01,6.163373222911240623e-02
3.223969631236442424e-01,6.163373222911240623e-02
3.234815618221258404e-01,6.163373222911240623e-02
3.245661605206073830e-01,6.163373222911240623e-02
3.256507592190889255e-01,6.163373222911240623e-02
3.267353579175705236e-01,6.163373222911240623e-02
3.299891540130152068e-01,6.217603157835319139e-02
3.310737527114967493e-01,6.217603157835319139e-02
3.321583514099782919e-01,6.217603157835319139e-02
3.332429501084598900e-01,6.217603157835319139e-02
3.343275488069414325e-01,6.217603157835319139e-02
3.354121475054229751e-01,6.217603157835319139e-02
3.362255965292841875e-01,6.217603157835319139e-02
3.397505422993492563e-01,6.271833092759396266e-02
3.408351409978307989e-01,6.271833092759396266e-02
3.419197396963123414e-01,6.271833092759396266e-02
3.430043383947939395e-01,6.271833092759396266e-02
3.440889370932754820e-01,6.271833092759396266e-02
3.451735357917570246e-01,6.271833092759396266e-02
3.462581344902386227e-01,6.271833092759396266e-02
3.473427331887201652e-01,6.271833092759396266e-02
3.511388286334056197e-01,6.326063027683474782e-02
3.522234273318872178e-01,6.326063027683474782e-02
3.533080260303687603e-01,6.326063027683474782e-02
3.543926247288503029e-01,6.326063027683474782e-02
3.554772234273319009e-01,6.326063027683474782e-02
3.565618221258134435e-01,6.326063027683474782e-02
3.576464208242949860e-01,6.326063027683474782e-02
3.587310195227765841e-01,6.326063027683474782e-02
3.598156182212581267e-01,6.326063027683474782e-02
3.609002169197396692e-01,6.326063027683474782e-02
3.646963123644251792e-01,6.380292962607553298e-02
3.657809110629067217e-01,6.380292962607553298e-02
3.668655097613882643e-01,6.380292962607553298e-02
3.679501084598698624e-01,6.380292962607553298e-02
3.690347071583514049e-01,6.380292962607553298e-02
3.701193058568329475e-01,6.380292962607553298e-02
3.712039045553145455e-01,6.380292962607553298e-02
3.722885032537960881e-01,6.380292962607553298e-02
3.733731019522776307e-01,6.380292962607553298e-02
3.744577006507592287e-01,6.380292962607553298e-02
3.755422993492407713e-01,6.380292962607553298e-02
3.766268980477223693e-01,6.380292962607553298e-02
3.777114967462039119e-01,6.380292962607553298e-02
3.831344902386117357e-01,6.434522897531631813e-02
3.842190889370932783e-01,6.434522897531631813e-02
3.853036876355748208e-01,6.434522897531631813e-02
3.863882863340564189e-01,6.434522897531631813e-02
3.874728850325379614e-01,6.434522897531631813e-02
3.885574837310195040e-01,6.434522897531631813e-02
3.896420824295011021e-01,6.434522897531631813e-02
3.907266811279826446e-01,6.434522897531631813e-02
3.918112798264641872e-01,6.434522897531631813e-02
3.928958785249457852e-01,6.434522897531631813e-02
3.939804772234273278e-01,6.434522897531631813e-02
3.950650759219088703e-01,6.434522897531631813e-02
3.961496746203904684e-01,6.434522897531631813e-02
3.972342733188720110e-01,6.434522897531631813e-02
3.983188720173535535e-01,6.434522897531631813e-02
3.994034707158351516e-01,6.434522897531631813e-02
4.004880694143166942e-01,6.434522897531631813e-02
4.015726681127982922e-01,6.434522897531631813e-02
4.026572668112798348e-01,6.434522897531631813e-02
4.037418655097613773e-01,6.434522897531631813e-02
4.048264642082429754e-01,6.434522897531631813e-02
4.059110629067245180e-01,6.434522897531631813e-02
4.069956616052060605e-01,6.434522897531631813e-02
4.080802603036876586e-01,6.434522897531631813e-02
4.091648590021692011e-01,6.434522897531631813e-02
4.351952277657266666e-01,6.434522897531631813e-02
4.362798264642082646e-01,6.434522897531631813e-02
4.373644251626898072e-01,6.434522897531631813e-02
4.384490238611713497e-01,6.434522897531631813e-02
4.395336225596529478e-01,6.434522897531631813e-02
4.406182212581344904e-01,6.434522897531631813e-02
4.417028199566160329e-01,6.434522897531631813e-02
4.427874186550976310e-01,6.434522897531631813e-02
4.438720173535791735e-01,6.434522897531631813e-02
4.449566160520607161e-01,6.434522897531631813e-02
4.460412147505423142e-01,6.434522897531631813e-02
4.471258134490238567e-01,6.434522897531631813e-02
4.482104121475053993e-01,6.434522897531631813e-02
4.492950108459869973e-01,6.434522897531631813e-02
4.503796095444685399e-01,6.434522897531631813e-02
4.514642082429500825e-01,6.434522897531631813e-02
4.525488069414316805e-01,6.434522897531631813e-02
4.536334056399132231e-01,6.434522897531631813e-02
4.547180043383948211e-01,6.434522897531631813e-02
4.558026030368763637e-01,6.434522897531631813e-02
4.568872017353579063e-01,6.434522897531631813e-02
4.579718004338395043e-01,6.434522897531631813e-02
4.590563991323210469e-01,6.434522897531631813e-02
4.601409978308025894e-01,6.434522897531631813e-02
4.612255965292841875e-01,6.434522897531631813e-02
4.623101952277657301e-01,6.434522897531631813e-02
4.666485900216919558e-01,6.380292962607553298e-02
4.677331887201735539e-01,6.380292962607553298e-02
4.688177874186550964e-01,6.380292962607553298e-02
4.699023861171366390e-01,6.380292962607553298e-02
4.715292841648590083e-01,6.380292962607553298e-02
4.726138828633405509e-01,6.380292962607553298e-02
4.736984815618221489e-01,6.380292962607553298e-02
4.747830802603036915e-01,6.380292962607553298e-02
4.758676789587852340e-01,6.380292962607553298e-02
4.769522776572668321e-01,6.380292962607553298e-02
4.780368763557483747e-01,6.380292962607553298e-02
4.791214750542299172e-01,6.380292962607553298e-02
4.802060737527115153e-01,6.380292962607553298e-02
4.810195227765726722e-01,6.380292962607553298e-02
4.850867678958785123e-01,6.326063027683474782e-02
4.867136659436008816e-01,6.326063027683474782e-02
4.877982646420824242e-01,6.326063027683474782e-02
4.888828633405639668e-01,6.326063027683474782e-02
4.899674620390455648e-01,6.326063027683474782e-02
4.910520607375271074e-01,6.326063027683474782e-02
4.921366594360086499e-01,6.326063027683474782e-02
4.932212581344902480e-01,6.326063027683474782e-02
4.943058568329717906e-01,6.326063027683474782e-02
4.953904555314533886e-01,6.326063027683474782e-02
4.962039045553145455e-01,6.326063027683474782e-02
4.986442516268980718e-01,6.271833092759396266e-02
4.997288503253796144e-01,6.271833092759396266e-02
5.008134490238611569e-01,6.271833092759396266e-02
5.018980477223426995e-01,6.271833092759396266e-02
5.029826464208242420e-01,6.271833092759396266e-02
5.040672451193058956e-01,6.271833092759396266e-02
5.051518438177874382e-01,6.271833092759396266e-02
5.062364425162689807e-01,6.271833092759396266e-02
5.073210412147505233e-01,6.271833092759396266e-02
5.100325379609544907e-01,6.217603157835319139e-02
5.111171366594360332e-01,6.217603157835319139e-02
5.122017353579175758e-01,6.217603157835319139e-02
5.132863340563991184e-01,6.217603157835319139e-02
5.143709327548806609e-01,6.217603157835319139e-02
5.154555314533622035e-01,6.217603157835319139e-02
5.165401301518438570e-01,6.217603157835319139e-02
5.176247288503253996e-01,6.217603157835319139e-02
5.184381778741865565e-01,6.217603157835319139e-02
5.208785249457700273e-01,6.163373222911240623e-02
5.219631236442516808e-01,6.163373222911240623e-02
5.230477223427332234e-01,6.163373222911240623e-02
5.241323210412147660e-01,6.163373222911240623e-02
5.252169197396963085e-01,6.163373222911240623e-02
5.268438177874186223e-01,6.163373222911240623e-02
5.276572668112797793e-01,6.163373222911240623e-02
5.295553145336225898e-01,6.109143287987162801e-02
5.306399132321041323e-01,6.109143287987162801e-02
5.317245119305856749e-01,6.109143287987162801e-02
5.328091106290672174e-01,6.109143287987162801e-02
5.338937093275487600e-01,6.109143287987162801e-02
5.347071583514100279e-01,6.109143287987162801e-02
5.360629067245119561e-01,6.109143287987162801e-02
5.376898047722342699e-01,6.054913353063084286e-02
5.387744034707158125e-01,6.054913353063084286e-02
5.398590021691973551e-01,6.054913353063084286e-02
5.409436008676790086e-01,6.054913353063084286e-02
5.420281995661605512e-01,6.054913353063084286e-02
5.431127982646420937e-01,6.054913353063084286e-02
5.441973969631236363e-01,6.054913353063084286e-02
5.458242950108459501e-01,6.000683418139006464e-02
5.469088937093276037e-01,6.000683418139006464e-02
5.479934924078091463e-01,6.000683418139006464e-02
5.490780911062906888e-01,6.000683418139006464e-02
5.501626898047722314e-01,6.000683418139006464e-02
5.509761388286333883e-01,6.000683418139006464e-02
5.539587852494577414e-01,5.946453483214928643e-02
5.550433839479392839e-01,5.946453483214928643e-02
5.561279826464208265e-01,5.946453483214928643e-02
5.572125813449023690e-01,5.946453483214928643e-02
5.582971800433839116e-01,5.946453483214928643e-02
5.591106290672450685e-01,5.946453483214928643e-02
5.604663774403471077e-01,5.892223548290850127e-02
5.615509761388286503e-01,5.892223548290850127e-02
5.626355748373101928e-01,5.892223548290850127e-02
5.637201735357917354e-01,5.892223548290850127e-02
5.648047722342732779e-01,5.892223548290850127e-02
5.656182212581344348e-01,5.892223548290850127e-02
5.669739696312364741e-01,5.837993613366772305e-02
5.680585683297180166e-01,5.837993613366772305e-02
5.691431670281995592e-01,5.837993613366772305e-02
5.702277657266811017e-01,5.837993613366772305e-02
5.713123644251626443e-01,5.837993613366772305e-02
5.721258134490239122e-01,5.837993613366772305e-02
5.734815618221258404e-01,5.783763678442693790e-02
5.745661605206073830e-01,5.783763678442693790e-02
5.756507592190889255e-01,5.783763678442693790e-02
5.767353579175704681e-01,5.783763678442693790e-02
5.778199566160520106e-01,5.783763678442693790e-02
5.799891540130152068e-01,5.729533743518615968e-02
5.810737527114967493e-01,5.729533743518615968e-02
5.821583514099782919e-01,5.729533743518615968e-02
5.832429501084598344e-01,5.729533743518615968e-02
5.840563991323209914e-01,5.729533743518615968e-02
5.854121475054230306e-01,5.675303808594538146e-02
5.864967462039045731e-01,5.675303808594538146e-02
5.875813449023861157e-01,5.675303808594538146e-02
5.886659436008676582e-01,5.675303808594538146e-02
5.900216919739695864e-01,5.675303808594538146e-02
5.913774403470716257e-01,5.621073873670459631e-02
5.924620390455531682e-01,5.621073873670459631e-02
5.935466377440347108e-01,5.621073873670459631e-02
5.946312364425162533e-01,5.621073873670459631e-02
5.954446854663774102e-01,5.621073873670459631e-02
5.968004338394793384e-01,5.566843938746381809e-02
5.978850325379609920e-01,5.566843938746381809e-02
5.989696312364425346e-01,5.566843938746381809e-02
6.000542299349240771e-01,5.566843938746381809e-02
6.008676789587852340e-01,5.566843938746381809e-02
6.022234273318871622e-01,5.512614003822303987e-02
6.033080260303688158e-01,5.512614003822303987e-02
6.043926247288503584e-01,5.512614003822303987e-02
6.054772234273319009e-01,5.512614003822303987e-02
6.076464208242949860e-01,5.458384068898225472e-02
6.087310195227765286e-01,5.458384068898225472e-02
6.098156182212581822e-01,5.458384068898225472e-02
6.109002169197397247e-01,5.458384068898225472e-02
6.119848156182212673e-01,5.431269101436186908e-02
6.130694143167028098e-01,5.404154133974147650e-02
6.141540130151843524e-01,5.404154133974147650e-02
6.152386117136658950e-01,5.404154133974147650e-02
6.163232104121475485e-01,5.404154133974147650e-02
6.179501084598698624e-01,5.349924199050069135e-02
6.190347071583514049e-01,5.349924199050069135e-02
6.201193058568329475e-01,5.349924199050069135e-02
6.212039045553144900e-01,5.349924199050069135e-02
6.222885032537961436e-01,5.295694264125991313e-02
6.233731019522776862e-01,5.295694264125991313e-02
6.244577006507592287e-01,5.295694264125991313e-02
6.255422993492407713e-01,5.295694264125991313e-02
6.271691973969630851e-01,5.241464329201912797e-02
6.282537960954447387e-01,5.241464329201912797e-02
6.293383947939262812e-01,5.241464329201912797e-02
6.304229934924078238e-01,5.241464329201912797e-02
6.315075921908893664e-01,5.187234394277834976e-02
6.325921908893709089e-01,5.187234394277834976e-02
6.336767895878524515e-01,5.187234394277834976e-02
6.347613882863341050e-01,5.187234394277834976e-02
6.363882863340564189e-01,5.133004459353757154e-02
6.374728850325379614e-01,5.133004459353757154e-02
6.385574837310195040e-01,5.133004459353757154e-02
6.393709327548806609e-01,5.133004459353757154e-02
6.412689804772234714e-01,5.078774524429678638e-02
6.423535791757050140e-01,5.078774524429678638e-02
6.434381778741865565e-01,5.078774524429678638e-02
6.450650759219088703e-01,5.024544589505600817e-02
6.461496746203904129e-01,5.024544589505600817e-02
6.472342733188720665e-01,5.024544589505600817e-02
6.483188720173536090e-01,4.997429622043561559e-02
6.494034707158351516e-01,4.970314654581522995e-02
6.504880694143166942e-01,4.970314654581522995e-02
6.515726681127982367e-01,4.970314654581522995e-02
6.526572668112797793e-01,4.943199687119483737e-02
6.537418655097614328e-01,4.916084719657444480e-02
6.548264642082429754e-01,4.916084719657444480e-02
6.564533622559652892e-01,4.888969752195405916e-02
6.575379609544468318e-01,4.861854784733366658e-02
6.586225596529283743e-01,4.861854784733366658e-02
6.597071583514100279e-01,4.861854784733366658e-02
6.607917570498915705e-01,4.834739817271327400e-02
6.624186550976138843e-01,4.807624849809288836e-02
6.635032537960954269e-01,4.807624849809288836e-02
6.645878524945769694e-01,4.780509882347248884e-02
6.656724511930586230e-01,4.753394914885210321e-02
6.667570498915401656e-01,4.753394914885210321e-02
6.675704989154013225e-01,4.753394914885210321e-02
6.689262472885032507e-01,4.699164979961131805e-02
6.700108459869847932e-01,4.699164979961131805e-02
6.710954446854663358e-01,4.699164979961131805e-02
6.719088937093276037e-01,4.699164979961131805e-02
6.732646420824295319e-01,4.644935045037053983e-02
6.743492407809110745e-01,4.644935045037053983e-02
6.751626898047722314e-01,4.644935045037053983e-02
6.765184381778741596e-01,4.590705110112976162e-02
6.776030368763557021e-01,4.590705110112976162e-02
6.786876355748373557e-01,4.590705110112976162e-02
6.797722342733188983e-01,4.563590142650936904e-02
6.808568329718004408e-01,4.536475175188897646e-02
6.819414316702819834e-01,4.536475175188897646e-02
6.830260303687635259e-01,4.536475175188897646e-02
6.841106290672450685e-01,4.482245240264819824e-02
6.851952277657267221e-01,4.482245240264819824e-02
6.862798264642082646e-01,4.482245240264819824e-02
6.873644251626898072e-01,4.428015305340742003e-02
6.884490238611713497e-01,4.428015305340742003e-02
6.895336225596528923e-01,4.428015305340742003e-02
6.906182212581344348e-01,4.400900337878702745e-02
6.917028199566160884e-01,4.373785370416663487e-02
6.927874186550976310e-01,4.373785370416663487e-02
6.938720173535791735e-01,4.346670402954624923e-02
6.949566160520607161e-01,4.319555435492585665e-02
6.960412147505422586e-01,4.319555435492585665e-02
6.971258134490239122e-01,4.319555435492585665e-02
6.979392624728850691e-01,4.265325500568507844e-02
6.992950108459869973e-01,4.265325500568507844e-02
7.003796095444685399e-01,4.265325500568507844e-02
7.014642082429500825e-01,4.211095565644429328e-02
7.025488069414316250e-01,4.211095565644429328e-02
7.036334056399132786e-01,4.211095565644429328e-02
7.047180043383948211e-01,4.156865630720351507e-02
7.058026030368763637e-01,4.156865630720351507e-02
7.068872017353579063e-01,4.156865630720351507e-02
7.085140997830802201e-01,4.102635695796273685e-02
7.095986984815618737e-01,4.102635695796273685e-02
7.106832971800434162e-01,4.075520728334233733e-02
7.117678958785249588e-01,4.048405760872195169e-02
7.128524945770065013e-01,4.048405760872195169e-02
7.139370932754880439e-01,4.021290793410156605e-02
7.150216919739695864e-01,3.994175825948116654e-02
7.161062906724512400e-01,3.994175825948116654e-02
7.171908893709327826e-01,3.967060858486078090e-02
7.182754880694143251e-01,3.939945891024038832e-02
7.193600867678958677e-01,3.939945891024038832e-02
7.204446854663774102e-01,3.912830923561999574e-02
7.215292841648589528e-01,3.885715956099961010e-02
7.226138828633406064e-01,3.885715956099961010e-02
7.236984815618221489e-01,3.858600988637921753e-02
7.247830802603036915e-01,3.831486021175882495e-02
7.258676789587852340e-01,3.831486021175882495e-02
7.269522776572667766e-01,3.777256086251804673e-02
7.280368763557483192e-01,3.777256086251804673e-02
7.291214750542299727e-01,3.777256086251804673e-02
7.302060737527115153e-01,3.723026151327726851e-02
7.312906724511930578e-01,3.723026151327726851e-02
7.323752711496746004e-01,3.695911183865687594e-02
7.334598698481561430e-01,3.668796216403648336e-02
7.345444685466377965e-01,3.668796216403648336e-02
7.356290672451193391e-01,3.641681248941609772e-02
7.372559652928416529e-01,3.614566281479570514e-02
7.383405639913231955e-01,3.587451314017531256e-02
7.394251626898047380e-01,3.560336346555491999e-02
7.405097613882862806e-01,3.560336346555491999e-02
7.415943600867679342e-01,3.533221379093453435e-02
7.426789587852494767e-01,3.506106411631414177e-02
7.437635574837310193e-01,3.506106411631414177e-02
7.448481561822125618e-01,3.451876476707336355e-02
7.459327548806941044e-01,3.451876476707336355e-02
7.470173535791757580e-01,3.435607496230112107e-02
7.481019522776573005e-01,3.397646541783257840e-02
7.491865509761388431e-01,3.397646541783257840e-02
7.502711496746203856e-01,3.370531574321219276e-02
7.513557483731019282e-01,3.343416606859180018e-02
7.524403470715834708e-01,3.343416606859180018e-02
7.535249457700651243e-01,3.289186671935102196e-02
7.546095444685466669e-01,3.289186671935102196e-02
7.556941431670282094e-01,3.262071704473062939e-02
7.567787418655097520e-01,3.234956737011023681e-02
7.578633405639912946e-01,3.234956737011023681e-02
7.586767895878524515e-01,3.180726802086945859e-02
7.600325379609544907e-01,3.180726802086945859e-02
7.611171366594360332e-01,3.153611834624906601e-02
7.622017353579175758e-01,3.126496867162867344e-02
7.632863340563991184e-01,3.126496867162867344e-02
7.643709327548806609e-01,3.083112919223604531e-02
7.654555314533622035e-01,3.072266932238789522e-02
7.665401301518438570e-01,3.072266932238789522e-02
7.676247288503253996e-01,3.018036997314711700e-02
7.687093275488069422e-01,3.018036997314711700e-02
7.697939262472884847e-01,2.990922029852672442e-02
7.708785249457700273e-01,2.963807062390633185e-02
7.719631236442516808e-01,2.963807062390633185e-02
7.730477223427332234e-01,2.909577127466555363e-02
7.741323210412147660e-01,2.909577127466555363e-02
7.752169197396963085e-01,2.866193179527291857e-02
7.763015184381778511e-01,2.855347192542476847e-02
7.773861171366593936e-01,2.839078212065253293e-02
7.784707158351410472e-01,2.801117257618399026e-02
7.795553145336225898e-01,2.801117257618399026e-02
7.803687635574837467e-01,2.746887322694321204e-02
7.817245119305856749e-01,2.746887322694321204e-02
7.828091106290672174e-01,2.719772355232281946e-02
7.838937093275487600e-01,2.692657387770242688e-02
7.849783080260304136e-01,2.692657387770242688e-02
7.866052060737527274e-01,2.638427452846164867e-02
7.876898047722342699e-01,2.638427452846164867e-02
7.887744034707158125e-01,2.584197517922086351e-02
7.898590021691973551e-01,2.584197517922086351e-02
7.909436008676790086e-01,2.557082550460047787e-02
7.920281995661605512e-01,2.529967582998008530e-02
7.931127982646420937e-01,2.513698602520784281e-02
7.941973969631236363e-01,2.475737648073930708e-02
7.950108459869847932e-01,2.475737648073930708e-02
7.963665943600867214e-01,2.421507713149852192e-02
7.974511930585683750e-01,2.421507713149852192e-02
7.985357917570499175e-01,2.394392745687813628e-02
7.996203904555314601e-01,2.367277778225774371e-02
8.007049891540130027e-01,2.367277778225774371e-02
8.017895878524945452e-01,2.313047843301696549e-02
8.026030368763557021e-01,2.313047843301696549e-02
8.045010845986985126e-01,2.258817908377618033e-02
8.055856832971800552e-01,2.258817908377618033e-02
8.066702819956615977e-01,2.204587973453540212e-02
8.077548806941431403e-01,2.204587973453540212e-02
8.088394793926246829e-01,2.161204025514276705e-02
8.099240780911063364e-01,2.150358038529461696e-02
8.110086767895878790e-01,2.123243071067423132e-02
8.120932754880694215e-01,2.096128103605383874e-02
8.129067245119305785e-01,2.096128103605383874e-02
8.142624728850325067e-01,2.041898168681306053e-02
8.150759219088936636e-01,2.041898168681306053e-02
8.164316702819957028e-01,1.987668233757227537e-02
8.175162689804772453e-01,1.987668233757227537e-02
8.186008676789587879e-01,1.960553266295188973e-02
8.196854663774403305e-01,1.933438298833149716e-02
8.213123644251626443e-01,1.879208363909071200e-02
8.223969631236442979e-01,1.879208363909071200e-02
8.234815618221258404e-01,1.852093396447032636e-02
8.245661605206073830e-01,1.824978428984993378e-02
8.256507592190889255e-01,1.797863461522954120e-02
8.267353579175704681e-01,1.770748494060915557e-02
8.283622559652928929e-01,1.743633526598876299e-02
8.294468546637744355e-01,1.716518559136837041e-02
8.316160520607375206e-01,1.662288624212759219e-02
8.327006507592190632e-01,1.646019643735534971e-02
8.337852494577006057e-01,1.608058689288681398e-02
8.348698481561822593e-01,1.608058689288681398e-02
8.359544468546638019e-01,1.553828754364602882e-02
8.370390455531453444e-01,1.553828754364602882e-02
8.381236442516268870e-01,1.499598819440525060e-02
8.392082429501084295e-01,1.499598819440525060e-02
8.402928416485899721e-01,1.456214871501261554e-02
8.413774403470716257e-01,1.445368884516446545e-02
8.430043383947939395e-01,1.391138949592368723e-02
8.440889370932754820e-01,1.391138949592368723e-02
8.449023861171366390e-01,1.336909014668290901e-02
8.462581344902385672e-01,1.336909014668290901e-02
8.473427331887202207e-01,1.282679079744212386e-02
8.484273318872017633e-01,1.282679079744212386e-02
8.492407809110629202e-01,1.282679079744212386e-02
8.505965292841648484e-01,1.228449144820134564e-02
8.516811279826463910e-01,1.201334177358095306e-02
8.527657266811279335e-01,1.174219209896056049e-02
8.538503253796095871e-01,1.147104242434017485e-02
8.549349240780911297e-01,1.119989274971978227e-02
8.560195227765726722e-01,1.103720294494753978e-02
8.571041214750542148e-01,1.065759340047900405e-02
8.581887201735357573e-01,1.049490359570676157e-02
8.592733188720172999e-01,1.011529405123821890e-02
8.603579175704989535e-01,1.011529405123821890e-02
8.614425162689804960e-01,9.572994701997440681e-03
8.625271149674620386e-01,9.572994701997440681e-03
8.636117136659435811e-01,9.030695352756655525e-03
8.646963123644251237e-01,9.030695352756655525e-03
8.657809110629067773e-01,8.488396003515877308e-03
8.668655097613883198e-01,8.488396003515877308e-03
8.679501084598698624e-01,7.946096654275099092e-03
8.690347071583514049e-01,7.946096654275099092e-03
8.706616052060737188e-01,7.403797305034313936e-03
8.722885032537961436e-01,7.132647630413928297e-03
8.733731019522776862e-01,6.861497955793535719e-03
8.744577006507592287e-01,6.427658476400907595e-03
8.755422993492407713e-01,6.319198606552757502e-03
8.766268980477223138e-01,5.885359127160122439e-03
8.777114967462038564e-01,5.776899257311972347e-03
8.787960954446855100e-01,5.343059777919344222e-03
8.798806941431670525e-01,5.234599908071194130e-03
8.809652928416485951e-01,4.800760428678559066e-03
8.820498915401301376e-01,4.692300558830408974e-03
8.831344902386116802e-01,4.258461079437780850e-03
8.842190889370932227e-01,4.150001209589623818e-03
8.853036876355748763e-01,3.716161730196995694e-03
8.863882863340564189e-01,3.607701860348852541e-03
8.874728850325379614e-01,3.173862380956224416e-03
8.885574837310195040e-01,3.065402511108067385e-03
8.896420824295010465e-01,2.631563031715439260e-03
8.907266811279827001e-01,2.523103161867282229e-03
8.918112798264642427e-01,2.089263682474654105e-03
8.928958785249457852e-01,1.980803812626510951e-03
8.939804772234273278e-01,1.546964333233882827e-03
8.950650759219088703e-01,1.438504463385725796e-03
8.961496746203904129e-01,8.962051141449406400e-04
8.972342733188720665e-01,8.962051141449406400e-04
8.983188720173536090e-01,3.539057649041693621e-04
8.994034707158351516e-01,3.539057649041693621e-04
9.004880694143166942e-01,-1.883935843366157936e-04
9.015726681127982367e-01,-3.510833891088582792e-04
9.026572668112797793e-01,-7.306929335774009493e-04
9.037418655097614328e-01,-1.164532412970029074e-03
9.053687635574837467e-01,-1.815291632058957383e-03
9.064533622559652892e-01,-2.086441306679356900e-03
9.075379609544468318e-01,-2.628740655920128177e-03
9.086225596529283743e-01,-3.062580135312756302e-03
9.097071583514100279e-01,-3.442189679781298972e-03
9.107917570498915705e-01,-3.984489029022084128e-03
9.118763557483731130e-01,-4.526788378262869283e-03
9.129609544468546556e-01,-5.069087727503640561e-03
9.140455531453361981e-01,-5.611387076744425717e-03
9.151301518438177407e-01,-6.045226556137053842e-03
9.162147505422993943e-01,-6.424836100605596512e-03
9.172993492407809368e-01,-6.967135449846381667e-03
9.183839479392624794e-01,-7.509434799087152945e-03
9.194685466377440219e-01,-8.051734148327938101e-03
9.205531453362255645e-01,-8.594033497568723257e-03
9.216377440347071071e-01,-9.136332846809508412e-03
9.227223427331887606e-01,-9.678632196050279690e-03
9.238069414316703032e-01,-1.011247167544290781e-02
9.248915401301518457e-01,-1.065477102468369297e-02
9.259761388286333883e-01,-1.119707037392447813e-02
9.270607375271149309e-01,-1.157667991839302080e-02
9.281453362255965844e-01,-1.211897926763379207e-02
9.292299349240781270e-01,-1.266127861687457723e-02
9.303145336225596695e-01,-1.320357796611536239e-02
9.313991323210412121e-01,-1.374587731535613366e-02
9.324837310195227547e-01,-1.428817666459691882e-02
9.335683297180042972e-01,-1.483047601383770397e-02
9.346529284164859508e-01,-1.537277536307848913e-02
9.357375271149674933e-01,-1.591507471231926041e-02
9.368221258134490359e-01,-1.645737406156004556e-02
9.379067245119305785e-01,-1.672852373618043120e-02
9.389913232104121210e-01,-1.743351289019345884e-02
9.400759219088936636e-01,-1.797581223943423012e-02
9.411605206073753171e-01,-1.851811158867501528e-02
9.422451193058568597e-01,-1.906041093791580043e-02
9.433297180043384023e-01,-1.944002048238434310e-02
9.444143167028199448e-01,-1.998231983162511438e-02
9.454989154013014874e-01,-2.052461918086589954e-02
9.465835140997830299e-01,-2.106691853010668469e-02
9.476681127982646835e-01,-2.160921787934745597e-02
9.487527114967462261e-01,-2.215151722858824113e-02
9.503796095444685399e-01,-2.296496625244941192e-02
9.514642082429500825e-01,-2.350726560169019708e-02
9.525488069414316250e-01,-2.404956495093098223e-02
9.536334056399132786e-01,-2.459186430017175351e-02
9.547180043383948211e-01,-2.529685345418478115e-02
9.558026030368763637e-01,-2.583915280342556631e-02
9.568872017353579063e-01,-2.638145215266633758e-02
9.579718004338394488e-01,-2.692375150190712274e-02
9.590563991323209914e-01,-2.757451072099605105e-02
9.601409978308026449e-01,-2.811681007023683621e-02
9.612255965292841875e-01,-2.865910941947762136e-02
9.623101952277657301e-01,-2.920140876871839264e-02
9.633947939262472726e-01,-2.974370811795917779e-02
9.644793926247288152e-01,-3.028600746719996295e-02
9.655639913232103577e-01,-3.082830681644073423e-02
9.666485900216920113e-01,-3.137060616568151938e-02
9.677331887201735539e-01,-3.207559531969454703e-02
9.688177874186550964e-01,-3.272635453878347533e-02
9.699023861171366390e-01,-3.326865388802424661e-02
9.709869848156181815e-01,-3.381095323726503177e-02
9.720715835140998351e-01,-3.435325258650581692e-02
9.731561822125813777e-01,-3.505824174051883069e-02
9.742407809110629202e-01,-3.570900095960777287e-02
9.753253796095444628e-01,-3.625130030884854415e-02
9.764099783080260053e-01,-3.679359965808932931e-02
9.774945770065075479e-01,-3.749858881210234307e-02
9.785791757049892015e-01,-3.814934803119128526e-02
9.796637744034707440e-01,-3.869164738043205654e-02
9.807483731019522866e-01,-3.939663653444508418e-02
9.818329718004338291e-01,-4.004739575353401249e-02
9.829175704989153717e-01,-4.058969510277479764e-02
9.840021691973969142e-01,-4.113199445201556892e-02
9.850867678958785678e-01,-4.194544347587675359e-02
9.861713665943601104e-01,-4.248774282511752487e-02
9.869848156182212673e-01,-4.303004217435831003e-02
9.883405639913231955e-01,-4.384349119821948082e-02
9.894251626898047380e-01,-4.438579054746026598e-02
9.905097613882862806e-01,-4.519923957132143677e-02
9.915943600867679342e-01,-4.574153892056220805e-02
9.926789587852494767e-01,-4.655498794442337884e-02
9.937635574837310193e-01,-4.709728729366416400e-02
9.948481561822125618e-01,-4.791073631752533479e-02
9.959327548806941044e-01,-4.845303566676611995e-02
9.970173535791757580e-01,-4.926648469062729074e-02
9.981019522776573005e-01,-4.980878403986807590e-02
9.991865509761388431e-01,-5.089338273834963233e-02
1.000000000000000000e+00,-5.252028078607197392e-02
1.000000000000000000e+00,-5.333372980993314472e-02
9.991865509761388431e-01,-5.387602915917392987e-02
9.981019522776573005e-01,-5.387602915917392987e-02
9.970173535791757580e-01,-5.333372980993314472e-02
9.953904555314533331e-01,-5.279143046069235956e-02
9.943058568329717906e-01,-5.252028078607197392e-02
9.932212581344902480e-01,-5.214067124160343125e-02
9.921366594360087054e-01,-5.170683176221080313e-02
9.910520607375271629e-01,-5.132722221774226046e-02
9.899674620390455093e-01,-5.105607254312187482e-02
9.888828633405639668e-01,-5.062223306372924669e-02
9.877982646420824242e-01,-5.024262351926070402e-02
9.867136659436008816e-01,-4.997147384464030451e-02
9.856290672451193391e-01,-4.953763436524767638e-02
9.845444685466377965e-01,-4.926648469062729074e-02
9.829175704989153717e-01,-4.861572547153836243e-02
9.818329718004338291e-01,-4.834457579691796292e-02
9.807483731019522866e-01,-4.791073631752533479e-02
9.796637744034707440e-01,-4.753112677305679212e-02
9.785791757049892015e-01,-4.725997709843640648e-02
9.774945770065075479e-01,-4.682613761904377836e-02
9.764099783080260053e-01,-4.655498794442337884e-02
9.753253796095444628e-01,-4.628383826980299320e-02
9.742407809110629202e-01,-4.574153892056220805e-02
9.731561822125813777e-01,-4.547038924594182241e-02
9.720715835140998351e-01,-4.519923957132143677e-02
9.709869848156181815e-01,-4.481963002685289410e-02
9.699023861171366390e-01,-4.454848035223249458e-02
9.688177874186550964e-01,-4.411464087283986646e-02
9.671908893709327826e-01,-4.357234152359909518e-02
9.661062906724512400e-01,-4.346388165375093815e-02
9.650216919739695864e-01,-4.303004217435831003e-02
9.639370932754880439e-01,-4.265043262988976736e-02
9.628524945770065013e-01,-4.248774282511752487e-02
9.617678958785249588e-01,-4.194544347587675359e-02
9.606832971800434162e-01,-4.183698360602859656e-02
9.595986984815618737e-01,-4.140314412663596844e-02
9.585140997830802201e-01,-4.113199445201556892e-02
9.574295010845986775e-01,-4.086084477739518328e-02
9.563449023861171350e-01,-4.058969510277479764e-02
9.552603036876355924e-01,-4.031854542815439812e-02
9.541757049891540499e-01,-3.977624607891362685e-02
9.528199566160520106e-01,-3.950509640429322733e-02
9.514642082429500825e-01,-3.923394672967284169e-02
9.501084598698481543e-01,-3.869164738043205654e-02
9.492950108459869973e-01,-3.858318751058391338e-02
9.482104121475054548e-01,-3.814934803119128526e-02
9.471258134490239122e-01,-3.787819835657088574e-02
9.460412147505422586e-01,-3.760704868195050010e-02
9.449566160520607161e-01,-3.733589900733011446e-02
9.438720173535791735e-01,-3.706474933270971495e-02
9.427874186550976310e-01,-3.668513978824117228e-02
9.417028199566160884e-01,-3.652244998346894367e-02
9.406182212581344348e-01,-3.598015063422815851e-02
9.395336225596528923e-01,-3.598015063422815851e-02
9.384490238611713497e-01,-3.543785128498737336e-02
9.373644251626898072e-01,-3.532939141513923020e-02
9.362798264642082646e-01,-3.489555193574658820e-02
9.351952277657267221e-01,-3.478709206589844505e-02
9.341106290672450685e-01,-3.435325258650581692e-02
9.330260303687635259e-01,-3.408210291188541741e-02
9.319414316702819834e-01,-3.381095323726503177e-02
9.308568329718004408e-01,-3.353980356264464613e-02
9.297722342733188983e-01,-3.326865388802424661e-02
9.286876355748373557e-01,-3.299750421340386097e-02
9.276030368763557021e-01,-3.272635453878347533e-02
9.265184381778741596e-01,-3.234674499431493266e-02
9.254338394793926170e-01,-3.218405518954269018e-02
9.243492407809110745e-01,-3.180444564507414751e-02
9.232646420824295319e-01,-3.164175584030190502e-02
9.221800433839479894e-01,-3.126214629583336235e-02
9.210954446854663358e-01,-3.109945649106113374e-02
9.200108459869847932e-01,-3.071984694659259107e-02
9.189262472885032507e-01,-3.055715714182034859e-02
9.167570498915401656e-01,-3.001485779257956343e-02
9.151301518438177407e-01,-2.947255844333879216e-02
9.137744034707158125e-01,-2.920140876871839264e-02
9.129609544468546556e-01,-2.893025909409800700e-02
9.118763557483731130e-01,-2.882179922424984997e-02
9.107917570498915705e-01,-2.838795974485722184e-02
9.097071583514100279e-01,-2.827949987500907869e-02
9.086225596529283743e-01,-2.784566039561643669e-02
9.075379609544468318e-01,-2.773720052576829354e-02
9.064533622559652892e-01,-2.730336104637566541e-02
9.053687635574837467e-01,-2.730336104637566541e-02
9.042841648590022041e-01,-2.676106169713488026e-02
9.031995661605206616e-01,-2.676106169713488026e-02
9.021149674620390080e-01,-2.648991202251449462e-02
9.010303687635574654e-01,-2.621876234789409510e-02
8.999457700650759229e-01,-2.621876234789409510e-02
8.988611713665943803e-01,-2.621876234789409510e-02
8.975054229934924521e-01,-2.567646299865332382e-02
8.966919739696311842e-01,-2.567646299865332382e-02
8.956073752711496416e-01,-2.567646299865332382e-02
8.945227765726680991e-01,-2.567646299865332382e-02
8.934381778741865565e-01,-2.567646299865332382e-02
8.923535791757050140e-01,-2.567646299865332382e-02
8.912689804772234714e-01,-2.567646299865332382e-02
8.901843817787418178e-01,-2.567646299865332382e-02
8.882863340563991184e-01,-2.513416364941253867e-02
8.874728850325379614e-01,-2.513416364941253867e-02
8.863882863340564189e-01,-2.513416364941253867e-02
8.853036876355748763e-01,-2.513416364941253867e-02
8.842190889370932227e-01,-2.513416364941253867e-02
8.831344902386116802e-01,-2.513416364941253867e-02
8.820498915401301376e-01,-2.513416364941253867e-02
8.809652928416485951e-01,-2.513416364941253867e-02
8.798806941431670525e-01,-2.513416364941253867e-02
8.766268980477223138e-01,-2.459186430017175351e-02
8.755422993492407713e-01,-2.459186430017175351e-02
8.744577006507592287e-01,-2.459186430017175351e-02
8.733731019522776862e-01,-2.459186430017175351e-02
8.722885032537961436e-01,-2.459186430017175351e-02
8.712039045553144900e-01,-2.459186430017175351e-02
8.701193058568329475e-01,-2.459186430017175351e-02
8.690347071583514049e-01,-2.459186430017175351e-02
8.679501084598698624e-01,-2.459186430017175351e-02
8.668655097613883198e-01,-2.459186430017175351e-02
8.630694143167028098e-01,-2.404956495093098223e-02
8.619848156182212673e-01,-2.404956495093098223e-02
8.609002169197397247e-01,-2.404956495093098223e-02
8.598156182212581822e-01,-2.404956495093098223e-02
8.587310195227765286e-01,-2.404956495093098223e-02
8.576464208242949860e-01,-2.404956495093098223e-02
8.565618221258134435e-01,-2.404956495093098223e-02
8.554772234273319009e-01,-2.404956495093098223e-02
8.543926247288503584e-01,-2.404956495093098223e-02
8.533080260303688158e-01,-2.404956495093098223e-02
8.522234273318871622e-01,-2.404956495093098223e-02
8.511388286334056197e-01,-2.404956495093098223e-02
8.476138828633406064e-01,-2.350726560169019708e-02
8.468004338394793384e-01,-2.350726560169019708e-02
8.457158351409977959e-01,-2.350726560169019708e-02
8.446312364425162533e-01,-2.350726560169019708e-02
8.435466377440347108e-01,-2.350726560169019708e-02
8.424620390455531682e-01,-2.350726560169019708e-02
8.413774403470716257e-01,-2.350726560169019708e-02
8.402928416485899721e-01,-2.350726560169019708e-02
8.392082429501084295e-01,-2.350726560169019708e-02
8.381236442516268870e-01,-2.350726560169019708e-02
8.370390455531453444e-01,-2.350726560169019708e-02
8.359544468546638019e-01,-2.350726560169019708e-02
8.345986984815618737e-01,-2.350726560169019708e-02
8.337852494577006057e-01,-2.350726560169019708e-02
8.327006507592190632e-01,-2.350726560169019708e-02
8.316160520607375206e-01,-2.350726560169019708e-02
8.305314533622559781e-01,-2.350726560169019708e-02
8.259219088937093112e-01,-2.296496625244941192e-02
8.251084598698481543e-01,-2.296496625244941192e-02
8.240238611713666117e-01,-2.296496625244941192e-02
8.229392624728850691e-01,-2.296496625244941192e-02
8.218546637744034156e-01,-2.296496625244941192e-02
8.207700650759218730e-01,-2.296496625244941192e-02
8.194143167028199448e-01,-2.296496625244941192e-02
8.186008676789587879e-01,-2.296496625244941192e-02
8.175162689804772453e-01,-2.296496625244941192e-02
8.164316702819957028e-01,-2.296496625244941192e-02
8.153470715835140492e-01,-2.296496625244941192e-02
8.142624728850325067e-01,-2.296496625244941192e-02
8.131778741865509641e-01,-2.296496625244941192e-02
8.120932754880694215e-01,-2.296496625244941192e-02
8.110086767895878790e-01,-2.296496625244941192e-02
8.099240780911063364e-01,-2.296496625244941192e-02
8.088394793926246829e-01,-2.296496625244941192e-02
8.077548806941431403e-01,-2.296496625244941192e-02
8.066702819956615977e-01,-2.296496625244941192e-02
8.055856832971800552e-01,-2.296496625244941192e-02
8.045010845986985126e-01,-2.296496625244941192e-02
8.034164859002169701e-01,-2.296496625244941192e-02
8.023318872017353165e-01,-2.296496625244941192e-02
8.012472885032537739e-01,-2.296496625244941192e-02
8.001626898047722314e-01,-2.296496625244941192e-02
7.990780911062906888e-01,-2.296496625244941192e-02
7.979934924078091463e-01,-2.296496625244941192e-02
7.969088937093276037e-01,-2.296496625244941192e-02
7.958242950108459501e-01,-2.296496625244941192e-02
7.836225596529283743e-01,-2.242266690320864064e-02
7.828091106290672174e-01,-2.242266690320864064e-02
7.817245119305856749e-01,-2.242266690320864064e-02
7.806399132321041323e-01,-2.242266690320864064e-02
7.795553145336225898e-01,-2.242266690320864064e-02
7.784707158351410472e-01,-2.242266690320864064e-02
7.773861171366593936e-01,-2.242266690320864064e-02
7.763015184381778511e-01,-2.242266690320864064e-02
7.752169197396963085e-01,-2.242266690320864064e-02
7.741323210412147660e-01,-2.242266690320864064e-02
7.730477223427332234e-01,-2.242266690320864064e-02
7.719631236442516808e-01,-2.242266690320864064e-02
7.708785249457700273e-01,-2.242266690320864064e-02
7.697939262472884847e-01,-2.242266690320864064e-02
7.687093275488069422e-01,-2.242266690320864064e-02
7.676247288503253996e-01,-2.242266690320864064e-02
7.665401301518438570e-01,-2.242266690320864064e-02
7.654555314533622035e-01,-2.242266690320864064e-02
7.643709327548806609e-01,-2.242266690320864064e-02
7.632863340563991184e-01,-2.242266690320864064e-02
7.622017353579175758e-01,-2.242266690320864064e-02
7.611171366594360332e-01,-2.242266690320864064e-02
7.600325379609544907e-01,-2.242266690320864064e-02
7.589479392624728371e-01,-2.242266690320864064e-02
7.578633405639912946e-01,-2.242266690320864064e-02
7.567787418655097520e-01,-2.242266690320864064e-02
7.556941431670282094e-01,-2.242266690320864064e-02
7.546095444685466669e-01,-2.242266690320864064e-02
7.535249457700651243e-01,-2.242266690320864064e-02
7.524403470715834708e-01,-2.242266690320864064e-02
7.388828633405639668e-01,-2.296496625244941192e-02
7.377982646420824242e-01,-2.296496625244941192e-02
7.367136659436008816e-01,-2.296496625244941192e-02
7.356290672451193391e-01,-2.296496625244941192e-02
7.345444685466377965e-01,-2.296496625244941192e-02
7.334598698481561430e-01,-2.296496625244941192e-02
7.323752711496746004e-01,-2.296496625244941192e-02
7.312906724511930578e-01,-2.296496625244941192e-02
7.302060737527115153e-01,-2.296496625244941192e-02
7.291214750542299727e-01,-2.296496625244941192e-02
7.280368763557483192e-01,-2.296496625244941192e-02
7.269522776572667766e-01,-2.296496625244941192e-02
7.258676789587852340e-01,-2.296496625244941192e-02
7.247830802603036915e-01,-2.296496625244941192e-02
7.236984815618221489e-01,-2.296496625244941192e-02
7.226138828633406064e-01,-2.296496625244941192e-02
7.215292841648589528e-01,-2.296496625244941192e-02
7.204446854663774102e-01,-2.296496625244941192e-02
7.193600867678958677e-01,-2.296496625244941192e-02
7.182754880694143251e-01,-2.296496625244941192e-02
7.171908893709327826e-01,-2.296496625244941192e-02
7.161062906724512400e-01,-2.296496625244941192e-02
7.150216919739695864e-01,-2.296496625244941192e-02
7.139370932754880439e-01,-2.296496625244941192e-02
7.128524945770065013e-01,-2.296496625244941192e-02
7.117678958785249588e-01,-2.296496625244941192e-02
7.106832971800434162e-01,-2.296496625244941192e-02
7.095986984815618737e-01,-2.296496625244941192e-02
7.085140997830802201e-01,-2.296496625244941192e-02
7.074295010845986775e-01,-2.296496625244941192e-02
7.006507592190889255e-01,-2.350726560169019708e-02
6.998373101952277686e-01,-2.350726560169019708e-02
6.987527114967462261e-01,-2.350726560169019708e-02
6.976681127982646835e-01,-2.350726560169019708e-02
6.965835140997830299e-01,-2.350726560169019708e-02
6.954989154013014874e-01,-2.350726560169019708e-02
6.944143167028199448e-01,-2.350726560169019708e-02
6.933297180043384023e-01,-2.350726560169019708e-02
6.922451193058568597e-01,-2.350726560169019708e-02
6.911605206073753171e-01,-2.350726560169019708e-02
6.900759219088936636e-01,-2.350726560169019708e-02
6.889913232104121210e-01,-2.350726560169019708e-02
6.879067245119305785e-01,-2.350726560169019708e-02
6.868221258134490359e-01,-2.350726560169019708e-02
6.857375271149674933e-01,-2.350726560169019708e-02
6.846529284164859508e-01,-2.350726560169019708e-02
6.835683297180042972e-01,-2.350726560169019708e-02
6.824837310195227547e-01,-2.350726560169019708e-02
6.765184381778741596e-01,-2.404956495093098223e-02
6.754338394793926170e-01,-2.404956495093098223e-02
6.743492407809110745e-01,-2.404956495093098223e-02
6.732646420824295319e-01,-2.404956495093098223e-02
6.721800433839479894e-01,-2.404956495093098223e-02
6.710954446854663358e-01,-2.404956495093098223e-02
6.700108459869847932e-01,-2.404956495093098223e-02
6.689262472885032507e-01,-2.404956495093098223e-02
6.678416485900217081e-01,-2.404956495093098223e-02
6.667570498915401656e-01,-2.404956495093098223e-02
6.656724511930586230e-01,-2.404956495093098223e-02
6.645878524945769694e-01,-2.404956495093098223e-02
6.635032537960954269e-01,-2.404956495093098223e-02
6.624186550976138843e-01,-2.404956495093098223e-02
6.613340563991323418e-01,-2.404956495093098223e-02
6.572668112798264461e-01,-2.459186430017175351e-02
6.564533622559652892e-01,-2.459186430017175351e-02
6.548264642082429754e-01,-2.459186430017175351e-02
6.534707158351410472e-01,-2.459186430017175351e-02
6.526572668112797793e-01,-2.459186430017175351e-02
6.515726681127982367e-01,-2.459186430017175351e-02
6.504880694143166942e-01,-2.459186430017175351e-02
6.494034707158351516e-01,-2.459186430017175351e-02
6.483188720173536090e-01,-2.459186430017175351e-02
6.472342733188720665e-01,-2.459186430017175351e-02
6.461496746203904129e-01,-2.459186430017175351e-02
6.450650759219088703e-01,-2.459186430017175351e-02
6.439804772234273278e-01,-2.459186430017175351e-02
6.396420824295010465e-01,-2.513416364941253867e-02
6.385574837310195040e-01,-2.513416364941253867e-02
6.374728850325379614e-01,-2.513416364941253867e-02
6.363882863340564189e-01,-2.513416364941253867e-02
6.353036876355748763e-01,-2.513416364941253867e-02
6.342190889370932227e-01,-2.513416364941253867e-02
6.331344902386116802e-01,-2.513416364941253867e-02
6.320498915401301376e-01,-2.513416364941253867e-02
6.309652928416485951e-01,-2.513416364941253867e-02
6.298806941431670525e-01,-2.513416364941253867e-02
6.287960954446855100e-01,-2.513416364941253867e-02
6.250000000000000000e-01,-2.567646299865332382e-02
6.239154013015184574e-01,-2.567646299865332382e-02
6.222885032537961436e-01,-2.567646299865332382e-02
6.212039045553144900e-01,-2.567646299865332382e-02
6.201193058568329475e-01,-2.567646299865332382e-02
6.190347071583514049e-01,-2.567646299865332382e-02
6.179501084598698624e-01,-2.567646299865332382e-02
6.168655097613883198e-01,-2.567646299865332382e-02
6.152386117136658950e-01,-2.567646299865332382e-02
6.117136659436008816e-01,-2.621876234789409510e-02
6.109002169197397247e-01,-2.621876234789409510e-02
6.098156182212581822e-01,-2.621876234789409510e-02
6.087310195227765286e-01,-2.621876234789409510e-02
6.076464208242949860e-01,-2.621876234789409510e-02
6.065618221258134435e-01,-2.621876234789409510e-02
6.054772234273319009e-01,-2.621876234789409510e-02
6.043926247288503584e-01,-2.621876234789409510e-02
6.033080260303688158e-01,-2.621876234789409510e-02
6.022234273318871622e-01,-2.621876234789409510e-02
5.986984815618221489e-01,-2.676106169713488026e-02
5.978850325379609920e-01,-2.676106169713488026e-02
5.968004338394793384e-01,-2.676106169713488026e-02
5.957158351409977959e-01,-2.676106169713488026e-02
5.946312364425162533e-01,-2.676106169713488026e-02
5.935466377440347108e-01,-2.676106169713488026e-02
5.924620390455531682e-01,-2.676106169713488026e-02
5.913774403470716257e-01,-2.676106169713488026e-02
5.902928416485899721e-01,-2.676106169713488026e-02
5.867678958785249588e-01,-2.730336104637566541e-02
5.859544468546638019e-01,-2.730336104637566541e-02
5.843275488069413770e-01,-2.730336104637566541e-02
5.832429501084598344e-01,-2.730336104637566541e-02
5.821583514099782919e-01,-2.730336104637566541e-02
5.810737527114967493e-01,-2.730336104637566541e-02
5.799891540130152068e-01,-2.730336104637566541e-02
5.783622559652928929e-01,-2.730336104637566541e-02
5.745661605206073830e-01,-2.784566039561643669e-02
5.734815618221258404e-01,-2.784566039561643669e-02
5.723969631236442979e-01,-2.784566039561643669e-02
5.713123644251626443e-01,-2.784566039561643669e-02
5.702277657266811017e-01,-2.784566039561643669e-02
5.691431670281995592e-01,-2.784566039561643669e-02
5.680585683297180166e-01,-2.784566039561643669e-02
5.669739696312364741e-01,-2.784566039561643669e-02
5.642624728850325067e-01,-2.838795974485722184e-02
5.631778741865509641e-01,-2.838795974485722184e-02
5.620932754880694215e-01,-2.838795974485722184e-02
5.610086767895878790e-01,-2.838795974485722184e-02
5.599240780911063364e-01,-2.838795974485722184e-02
5.588394793926246829e-01,-2.838795974485722184e-02
5.577548806941431403e-01,-2.838795974485722184e-02
5.566702819956615977e-01,-2.838795974485722184e-02
5.531453362255965844e-01,-2.893025909409800700e-02
5.523318872017353165e-01,-2.893025909409800700e-02
5.512472885032537739e-01,-2.893025909409800700e-02
5.501626898047722314e-01,-2.893025909409800700e-02
5.490780911062906888e-01,-2.893025909409800700e-02
5.479934924078091463e-01,-2.893025909409800700e-02
5.469088937093276037e-01,-2.893025909409800700e-02
5.458242950108459501e-01,-2.893025909409800700e-02
5.428416485900217081e-01,-2.947255844333879216e-02
5.420281995661605512e-01,-2.947255844333879216e-02
5.409436008676790086e-01,-2.947255844333879216e-02
5.398590021691973551e-01,-2.947255844333879216e-02
5.387744034707158125e-01,-2.947255844333879216e-02
5.376898047722342699e-01,-2.947255844333879216e-02
5.366052060737527274e-01,-2.947255844333879216e-02
5.355206073752711848e-01,-2.947255844333879216e-02
5.319956616052060605e-01,-3.001485779257956343e-02
5.311822125813449036e-01,-3.001485779257956343e-02
5.300976138828633610e-01,-3.001485779257956343e-02
5.290130151843818185e-01,-3.001485779257956343e-02
5.279284164859001649e-01,-3.001485779257956343e-02
5.268438177874186223e-01,-3.001485779257956343e-02
5.257592190889370798e-01,-3.001485779257956343e-02
5.214208242950107985e-01,-3.055715714182034859e-02
5.203362255965292560e-01,-3.055715714182034859e-02
5.192516268980477134e-01,-3.055715714182034859e-02
5.181670281995661709e-01,-3.055715714182034859e-02
5.170824295010846283e-01,-3.055715714182034859e-02
5.159978308026030858e-01,-3.055715714182034859e-02
5.149132321041214322e-01,-3.055715714182034859e-02
5.119305856832971902e-01,-3.109945649106113374e-02
5.111171366594360332e-01,-3.109945649106113374e-02
5.100325379609544907e-01,-3.109945649106113374e-02
5.089479392624728371e-01,-3.109945649106113374e-02
5.078633405639912946e-01,-3.109945649106113374e-02
5.067787418655097520e-01,-3.109945649106113374e-02
5.056941431670282094e-01,-3.109945649106113374e-02
5.046095444685466669e-01,-3.109945649106113374e-02
5.010845986984815426e-01,-3.164175584030190502e-02
5.002711496746203856e-01,-3.164175584030190502e-02
4.991865509761388431e-01,-3.164175584030190502e-02
4.981019522776572450e-01,-3.164175584030190502e-02
4.970173535791757025e-01,-3.164175584030190502e-02
4.959327548806941599e-01,-3.164175584030190502e-02
4.948481561822125618e-01,-3.164175584030190502e-02
4.915943600867678787e-01,-3.218405518954269018e-02
4.902386117136659505e-01,-3.218405518954269018e-02
4.894251626898047935e-01,-3.218405518954269018e-02
4.883405639913231955e-01,-3.218405518954269018e-02
4.872559652928416529e-01,-3.218405518954269018e-02
4.861713665943601104e-01,-3.218405518954269018e-02
4.850867678958785123e-01,-3.218405518954269018e-02
4.840021691973969697e-01,-3.218405518954269018e-02
4.812906724511930578e-01,-3.272635453878347533e-02
4.802060737527115153e-01,-3.272635453878347533e-02
4.791214750542299172e-01,-3.272635453878347533e-02
4.780368763557483747e-01,-3.272635453878347533e-02
4.769522776572668321e-01,-3.272635453878347533e-02
4.758676789587852340e-01,-3.272635453878347533e-02
4.747830802603036915e-01,-3.272635453878347533e-02
4.736984815618221489e-01,-3.272635453878347533e-02
4.707158351409978514e-01,-3.326865388802424661e-02
4.699023861171366390e-01,-3.326865388802424661e-02
4.688177874186550964e-01,-3.326865388802424661e-02
4.677331887201735539e-01,-3.326865388802424661e-02
4.666485900216919558e-01,-3.326865388802424661e-02
4.655639913232104132e-01,-3.326865388802424661e-02
4.644793926247288707e-01,-3.326865388802424661e-02
4.609544468546638019e-01,-3.381095323726503177e-02
4.601409978308025894e-01,-3.381095323726503177e-02
4.590563991323210469e-01,-3.381095323726503177e-02
4.579718004338395043e-01,-3.381095323726503177e-02
4.568872017353579063e-01,-3.381095323726503177e-02
4.558026030368763637e-01,-3.381095323726503177e-02
4.547180043383948211e-01,-3.381095323726503177e-02
4.536334056399132231e-01,-3.381095323726503177e-02
4.503796095444685399e-01,-3.435325258650581692e-02
4.492950108459869973e-01,-3.435325258650581692e-02
4.482104121475053993e-01,-3.435325258650581692e-02
4.471258134490238567e-01,-3.435325258650581692e-02
4.460412147505423142e-01,-3.435325258650581692e-02
4.449566160520607161e-01,-3.435325258650581692e-02
4.438720173535791735e-01,-3.435325258650581692e-02
4.395336225596529478e-01,-3.489555193574658820e-02
4.384490238611713497e-01,-3.489555193574658820e-02
4.373644251626898072e-01,-3.489555193574658820e-02
4.362798264642082646e-01,-3.489555193574658820e-02
4.351952277657266666e-01,-3.489555193574658820e-02
4.341106290672451240e-01,-3.489555193574658820e-02
4.330260303687635814e-01,-3.489555193574658820e-02
4.300433839479392839e-01,-3.543785128498737336e-02
4.292299349240780715e-01,-3.543785128498737336e-02
4.281453362255965289e-01,-3.543785128498737336e-02
4.270607375271149864e-01,-3.543785128498737336e-02
4.259761388286333883e-01,-3.543785128498737336e-02
4.248915401301518457e-01,-3.543785128498737336e-02
4.238069414316703032e-01,-3.543785128498737336e-02
4.227223427331887051e-01,-3.543785128498737336e-02
4.191973969631236363e-01,-3.598015063422815851e-02
4.183839479392624794e-01,-3.598015063422815851e-02
4.172993492407809368e-01,-3.598015063422815851e-02
4.162147505422993388e-01,-3.598015063422815851e-02
4.151301518438177962e-01,-3.598015063422815851e-02
4.140455531453361981e-01,-3.598015063422815851e-02
4.129609544468546556e-01,-3.598015063422815851e-02
4.094360086767895868e-01,-3.652244998346894367e-02
4.086225596529284299e-01,-3.652244998346894367e-02
4.075379609544468318e-01,-3.652244998346894367e-02
4.064533622559652892e-01,-3.652244998346894367e-02
4.053687635574837467e-01,-3.652244998346894367e-02
4.042841648590021486e-01,-3.652244998346894367e-02
4.031995661605206061e-01,-3.652244998346894367e-02
4.021149674620390635e-01,-3.652244998346894367e-02
3.991323210412147660e-01,-3.706474933270971495e-02
3.983188720173535535e-01,-3.706474933270971495e-02
3.972342733188720110e-01,-3.706474933270971495e-02
3.961496746203904684e-01,-3.706474933270971495e-02
3.950650759219088703e-01,-3.706474933270971495e-02
3.939804772234273278e-01,-3.706474933270971495e-02
3.928958785249457852e-01,-3.706474933270971495e-02
3.918112798264641872e-01,-3.706474933270971495e-02
3.885574837310195040e-01,-3.760704868195050010e-02
3.874728850325379614e-01,-3.760704868195050010e-02
3.863882863340564189e-01,-3.760704868195050010e-02
3.853036876355748208e-01,-3.760704868195050010e-02
3.842190889370932783e-01,-3.760704868195050010e-02
3.831344902386117357e-01,-3.760704868195050010e-02
3.820498915401301376e-01,-3.760704868195050010e-02
3.787960954446854545e-01,-3.814934803119128526e-02
3.771691973969631406e-01,-3.814934803119128526e-02
3.760845986984815426e-01,-3.814934803119128526e-02
3.750000000000000000e-01,-3.814934803119128526e-02
3.739154013015184574e-01,-3.814934803119128526e-02
3.728308026030368594e-01,-3.814934803119128526e-02
3.717462039045553168e-01,-3.814934803119128526e-02
3.684924078091106336e-01,-3.869164738043205654e-02
3.674078091106290911e-01,-3.869164738043205654e-02
3.663232104121474930e-01,-3.869164738043205654e-02
3.652386117136659505e-01,-3.869164738043205654e-02
3.641540130151844079e-01,-3.869164738043205654e-02
3.630694143167028098e-01,-3.869164738043205654e-02
3.619848156182212673e-01,-3.869164738043205654e-02
3.590021691973969697e-01,-3.923394672967284169e-02
3.581887201735358128e-01,-3.923394672967284169e-02
3.571041214750542148e-01,-3.923394672967284169e-02
3.560195227765726722e-01,-3.923394672967284169e-02
3.549349240780911297e-01,-3.923394672967284169e-02
3.538503253796095316e-01,-3.923394672967284169e-02
3.527657266811279890e-01,-3.923394672967284169e-02
3.516811279826464465e-01,-3.923394672967284169e-02
3.492407809110629202e-01,-3.977624607891362685e-02
3.484273318872017078e-01,-3.977624607891362685e-02
3.473427331887201652e-01,-3.977624607891362685e-02
3.462581344902386227e-01,-3.977624607891362685e-02
3.451735357917570246e-01,-3.977624607891362685e-02
3.440889370932754820e-01,-3.977624607891362685e-02
3.430043383947939395e-01,-3.977624607891362685e-02
3.419197396963123414e-01,-3.977624607891362685e-02
3.381236442516268870e-01,-4.031854542815439812e-02
3.370390455531453444e-01,-4.031854542815439812e-02
3.359544468546638019e-01,-4.031854542815439812e-02
3.348698481561822038e-01,-4.031854542815439812e-02
3.337852494577006612e-01,-4.031854542815439812e-02
3.327006507592190632e-01,-4.031854542815439812e-02
3.297180043383948211e-01,-4.086084477739518328e-02
3.289045553145336087e-01,-4.086084477739518328e-02
3.278199566160520662e-01,-4.086084477739518328e-02
3.267353579175705236e-01,-4.086084477739518328e-02
3.256507592190889255e-01,-4.086084477739518328e-02
3.245661605206073830e-01,-4.086084477739518328e-02
3.234815618221258404e-01,-4.086084477739518328e-02
3.223969631236442424e-01,-4.086084477739518328e-02
3.196854663774403305e-01,-4.140314412663596844e-02
3.186008676789587879e-01,-4.140314412663596844e-02
3.175162689804772453e-01,-4.140314412663596844e-02
3.164316702819956473e-01,-4.140314412663596844e-02
3.153470715835141047e-01,-4.140314412663596844e-02
3.142624728850325622e-01,-4.140314412663596844e-02
3.131778741865509641e-01,-4.140314412663596844e-02
3.101952277657266666e-01,-4.194544347587675359e-02
3.093817787418655096e-01,-4.194544347587675359e-02
3.082971800433839671e-01,-4.194544347587675359e-02
3.072125813449023690e-01,-4.194544347587675359e-02
3.061279826464208265e-01,-4.194544347587675359e-02
3.050433839479392839e-01,-4.194544347587675359e-02
3.039587852494576858e-01,-4.194544347587675359e-02
3.007049891540130027e-01,-4.248774282511752487e-02
2.996203904555314601e-01,-4.248774282511752487e-02
2.985357917570499175e-01,-4.248774282511752487e-02
2.974511930585683195e-01,-4.248774282511752487e-02
2.963665943600867769e-01,-4.248774282511752487e-02
2.952819956616051789e-01,-4.248774282511752487e-02
2.941973969631236363e-01,-4.248774282511752487e-02
2.917570498915401100e-01,-4.303004217435831003e-02
2.909436008676789531e-01,-4.303004217435831003e-02
2.898590021691974106e-01,-4.303004217435831003e-02
2.887744034707158125e-01,-4.303004217435831003e-02
2.876898047722342699e-01,-4.303004217435831003e-02
2.866052060737527274e-01,-4.303004217435831003e-02
2.849783080260303580e-01,-4.303004217435831003e-02
2.825379609544468318e-01,-4.357234152359909518e-02
2.817245119305856749e-01,-4.357234152359909518e-02
2.800976138828633610e-01,-4.357234152359909518e-02
2.790130151843817630e-01,-4.357234152359909518e-02
2.779284164859002204e-01,-4.357234152359909518e-02
2.768438177874186779e-01,-4.357234152359909518e-02
2.757592190889370798e-01,-4.357234152359909518e-02
2.727765726681127822e-01,-4.411464087283986646e-02
2.719631236442516253e-01,-4.411464087283986646e-02
2.708785249457700828e-01,-4.411464087283986646e-02
2.697939262472884847e-01,-4.411464087283986646e-02
2.687093275488069422e-01,-4.411464087283986646e-02
2.676247288503253996e-01,-4.411464087283986646e-02
2.665401301518438015e-01,-4.411464087283986646e-02
2.638286334056398896e-01,-4.465694022208065161e-02
2.627440347071583471e-01,-4.465694022208065161e-02
2.616594360086768045e-01,-4.465694022208065161e-02
2.605748373101952065e-01,-4.465694022208065161e-02
2.594902386117136639e-01,-4.465694022208065161e-02
2.584056399132321213e-01,-4.465694022208065161e-02
2.573210412147505233e-01,-4.465694022208065161e-02
2.543383947939262257e-01,-4.519923957132143677e-02
2.535249457700650688e-01,-4.519923957132143677e-02
2.524403470715835263e-01,-4.519923957132143677e-02
2.513557483731019282e-01,-4.519923957132143677e-02
2.502711496746203856e-01,-4.519923957132143677e-02
2.491865509761388153e-01,-4.519923957132143677e-02
2.481019522776572728e-01,-4.519923957132143677e-02
2.448481561822125896e-01,-4.574153892056220805e-02
2.437635574837310193e-01,-4.574153892056220805e-02
2.426789587852494490e-01,-4.574153892056220805e-02
2.415943600867679064e-01,-4.574153892056220805e-02
2.405097613882863361e-01,-4.574153892056220805e-02
2.394251626898047658e-01,-4.574153892056220805e-02
2.364425162689804683e-01,-4.628383826980299320e-02
2.353579175704989257e-01,-4.628383826980299320e-02
2.345444685466377410e-01,-4.628383826980299320e-02
2.334598698481561707e-01,-4.628383826980299320e-02
2.323752711496746282e-01,-4.628383826980299320e-02
2.312906724511930578e-01,-4.628383826980299320e-02
2.302060737527114875e-01,-4.628383826980299320e-02
2.277657266811279890e-01,-4.682613761904377836e-02
2.269522776572668044e-01,-4.682613761904377836e-02
2.258676789587852618e-01,-4.682613761904377836e-02
2.247830802603036915e-01,-4.682613761904377836e-02
2.236984815618221212e-01,-4.682613761904377836e-02
2.226138828633405509e-01,-4.682613761904377836e-02
2.215292841648590083e-01,-4.682613761904377836e-02
2.188177874186550964e-01,-4.736843696828454964e-02
2.177331887201735261e-01,-4.736843696828454964e-02
2.166485900216919835e-01,-4.736843696828454964e-02
2.155639913232104132e-01,-4.736843696828454964e-02
2.144793926247288429e-01,-4.736843696828454964e-02
2.133947939262473004e-01,-4.736843696828454964e-02
2.123101952277657301e-01,-4.736843696828454964e-02
2.093275488069414325e-01,-4.791073631752533479e-02
2.085140997830802478e-01,-4.791073631752533479e-02
2.074295010845987053e-01,-4.791073631752533479e-02
2.063449023861171350e-01,-4.791073631752533479e-02
2.052603036876355647e-01,-4.791073631752533479e-02
2.041757049891540221e-01,-4.791073631752533479e-02
2.009219088937093389e-01,-4.845303566676611995e-02
1.998373101952277686e-01,-4.845303566676611995e-02
1.987527114967461983e-01,-4.845303566676611995e-02
1.976681127982646557e-01,-4.845303566676611995e-02
1.965835140997830854e-01,-4.845303566676611995e-02
1.954989154013015151e-01,-4.845303566676611995e-02
1.944143167028199448e-01,-4.845303566676611995e-02
1.919739696312364463e-01,-4.899533501600690510e-02
1.911605206073752616e-01,-4.899533501600690510e-02
1.900759219088937191e-01,-4.899533501600690510e-02
1.889913232104121488e-01,-4.899533501600690510e-02
1.879067245119305785e-01,-4.899533501600690510e-02
1.868221258134490359e-01,-4.899533501600690510e-02
1.857375271149674656e-01,-4.899533501600690510e-02
1.830260303687635537e-01,-4.953763436524767638e-02
1.813991323210412121e-01,-4.953763436524767638e-02
1.803145336225596418e-01,-4.953763436524767638e-02
1.792299349240780992e-01,-4.953763436524767638e-02
1.781453362255965289e-01,-4.953763436524767638e-02
1.770607375271149586e-01,-4.953763436524767638e-02
1.740780911062906611e-01,-5.007993371448846154e-02
1.732646420824295042e-01,-5.007993371448846154e-02
1.721800433839479338e-01,-5.007993371448846154e-02
1.710954446854663913e-01,-5.007993371448846154e-02
1.700108459869848210e-01,-5.007993371448846154e-02
1.689262472885032507e-01,-5.007993371448846154e-02
1.678416485900216804e-01,-5.007993371448846154e-02
1.648590021691974106e-01,-5.062223306372924669e-02
1.640455531453362259e-01,-5.062223306372924669e-02
1.629609544468546556e-01,-5.062223306372924669e-02
1.618763557483731130e-01,-5.062223306372924669e-02
1.607917570498915427e-01,-5.062223306372924669e-02
1.597071583514099724e-01,-5.062223306372924669e-02
1.586225596529284299e-01,-5.062223306372924669e-02
1.559110629067245180e-01,-5.116453241297001797e-02
1.548264642082429476e-01,-5.116453241297001797e-02
1.537418655097613773e-01,-5.116453241297001797e-02
1.526572668112798348e-01,-5.116453241297001797e-02
1.515726681127982645e-01,-5.116453241297001797e-02
1.504880694143166942e-01,-5.116453241297001797e-02
1.494034707158351516e-01,-5.116453241297001797e-02
1.469631236442516253e-01,-5.170683176221080313e-02
1.461496746203904684e-01,-5.170683176221080313e-02
1.450650759219088981e-01,-5.170683176221080313e-02
1.439804772234273278e-01,-5.170683176221080313e-02
1.428958785249457575e-01,-5.170683176221080313e-02
1.418112798264642149e-01,-5.170683176221080313e-02
1.407266811279826446e-01,-5.170683176221080313e-02
1.374728850325379614e-01,-5.224913111145158828e-02
1.363882863340563911e-01,-5.224913111145158828e-02
1.353036876355748486e-01,-5.224913111145158828e-02
1.342190889370932783e-01,-5.224913111145158828e-02
1.331344902386117079e-01,-5.224913111145158828e-02
1.320498915401301654e-01,-5.224913111145158828e-02
1.309652928416485951e-01,-5.224913111145158828e-02
1.279826464208242975e-01,-5.279143046069235956e-02
1.271691973969631129e-01,-5.279143046069235956e-02
1.260845986984815703e-01,-5.279143046069235956e-02
1.250000000000000000e-01,-5.279143046069235956e-02
1.239154013015184436e-01,-5.279143046069235956e-02
1.228308026030368733e-01,-5.279143046069235956e-02
1.217462039045553168e-01,-5.279143046069235956e-02
1.179501084598698485e-01,-5.333372980993314472e-02
1.168655097613882921e-01,-5.333372980993314472e-02
1.157809110629067217e-01,-5.333372980993314472e-02
1.146963123644251653e-01,-5.333372980993314472e-02
1.136117136659435950e-01,-5.333372980993314472e-02
1.125271149674620386e-01,-5.333372980993314472e-02
1.114425162689804821e-01,-5.333372980993314472e-02
1.079175704989153994e-01,-5.387602915917392987e-02
1.071041214750542286e-01,-5.387602915917392987e-02
1.060195227765726722e-01,-5.387602915917392987e-02
1.049349240780911019e-01,-5.387602915917392987e-02
1.038503253796095455e-01,-5.387602915917392987e-02
1.027657266811279890e-01,-5.387602915917392987e-02
1.016811279826464187e-01,-5.387602915917392987e-02
1.005965292841648623e-01,-5.387602915917392987e-02
9.680043383947939395e-02,-5.441832850841470115e-02
9.571583514099783752e-02,-5.441832850841470115e-02
9.463123644251626720e-02,-5.441832850841470115e-02
9.354663774403471077e-02,-5.441832850841470115e-02
9.246203904555314046e-02,-5.441832850841470115e-02
9.137744034707158403e-02,-5.441832850841470115e-02
9.029284164859002759e-02,-5.441832850841470115e-02
8.920824295010845728e-02,-5.441832850841470115e-02
8.812364425162690085e-02,-5.441832850841470115e-02
8.432754880694143251e-02,-5.496062785765548631e-02
8.324295010845987608e-02,-5.496062785765548631e-02
8.215835140997830577e-02,-5.496062785765548631e-02
8.107375271149674933e-02,-5.496062785765548631e-02
7.998915401301517902e-02,-5.496062785765548631e-02
7.890455531453362259e-02,-5.496062785765548631e-02
7.781995661605206616e-02,-5.496062785765548631e-02
7.673535791757049584e-02,-5.496062785765548631e-02
7.565075921908893941e-02,-5.496062785765548631e-02
7.456616052060736910e-02,-5.496062785765548631e-02
7.022776572668112949e-02,-5.550292720689627146e-02
6.914316702819957305e-02,-5.550292720689627146e-02
6.805856832971800274e-02,-5.550292720689627146e-02
6.697396963123644631e-02,-5.550292720689627146e-02
6.588937093275487600e-02,-5.550292720689627146e-02
6.480477223427331956e-02,-5.550292720689627146e-02
6.372017353579176313e-02,-5.550292720689627146e-02
6.263557483731019282e-02,-5.550292720689627146e-02
6.155097613882863639e-02,-5.550292720689627146e-02
6.046637744034707301e-02,-5.550292720689627146e-02
5.938177874186550964e-02,-5.550292720689627146e-02
5.829718004338394627e-02,-5.550292720689627146e-02
5.721258134490238290e-02,-5.550292720689627146e-02
5.612798264642082646e-02,-5.550292720689627146e-02
5.504338394793926309e-02,-5.550292720689627146e-02
5.395878524945769972e-02,-5.550292720689627146e-02
5.287418655097613635e-02,-5.550292720689627146e-02
5.178958785249457991e-02,-5.550292720689627146e-02
5.070498915401301654e-02,-5.550292720689627146e-02
4.962039045553145317e-02,-5.550292720689627146e-02
4.853579175704988979e-02,-5.550292720689627146e-02
4.745119305856832642e-02,-5.550292720689627146e-02
4.636659436008676999e-02,-5.550292720689627146e-02
4.528199566160520662e-02,-5.550292720689627146e-02
4.419739696312364324e-02,-5.550292720689627146e-02
4.311279826464207987e-02,-5.550292720689627146e-02
4.202819956616052344e-02,-5.550292720689627146e-02
4.094360086767896006e-02,-5.550292720689627146e-02
3.985900216919739669e-02,-5.550292720689627146e-02
3.877440347071583332e-02,-5.550292720689627146e-02
3.768980477223426995e-02,-5.550292720689627146e-02
3.660520607375271351e-02,-5.550292720689627146e-02
3.552060737527115014e-02,-5.550292720689627146e-02
3.443600867678958677e-02,-5.550292720689627146e-02
3.199566160520607438e-02,-5.496062785765548631e-02
3.118221258134490359e-02,-5.496062785765548631e-02
3.009761388286334022e-02,-5.496062785765548631e-02
2.901301518438178031e-02,-5.496062785765548631e-02
2.792841648590021694e-02,-5.496062785765548631e-02
2.684381778741865357e-02,-5.496062785765548631e-02
2.548806941431670109e-02,-5.441832850841470115e-02
2.467462039045553029e-02,-5.441832850841470115e-02
2.359002169197397039e-02,-5.441832850841470115e-02
2.250542299349240702e-02,-5.441832850841470115e-02
2.142082429501084712e-02,-5.414717883379431551e-02
2.033622559652928374e-02,-5.387602915917392987e-02
1.925162689804772384e-02,-5.387602915917392987e-02
1.816702819956616047e-02,-5.360487948455353036e-02
1.708242950108459710e-02,-5.333372980993314472e-02
1.599783080260303719e-02,-5.333372980993314472e-02
1.491323210412147555e-02,-5.279143046069235956e-02
1.382863340563991392e-02,-5.279143046069235956e-02
1.274403470715835054e-02,-5.224913111145158828e-02
1.165943600867678891e-02,-5.224913111145158828e-02
1.030368763557483816e-02,-5.170683176221080313e-02
9.490238611713665631e-03,-5.170683176221080313e-02
8.405639913232103994e-03,-5.143568208759041749e-02
7.321041214750542356e-03,-5.105607254312187482e-02
6.236442516268980718e-03,-5.062223306372924669e-02
5.151843817787419080e-03,-4.980878403986807590e-02
4.067245119305856575e-03,-4.926648469062729074e-02
2.982646420824294937e-03,-4.818188599214573431e-02
1.898047722342733083e-03,-4.709728729366416400e-02
8.134490238611713367e-04,-4.574153892056220805e-02
5.422993492407809273e-04,-4.492808989670103725e-02
2.711496746203904636e-04,-4.373503132837132379e-02
2.711496746203904636e-04,-4.265043262988976736e-02
2.711496746203904636e-04,-4.167429380125635408e-02
0.000000000000000000e+00,-4.058969510277479764e-02
3.796095444685462479e-04,-3.939663653444508418e-02
