0.000000000000000000e+00,-4.103765426241083591e-02
2.712232167073501594e-04,-4.006125068226436270e-02
2.712232167073501594e-04,-3.897635781543495881e-02
2.712232167073501594e-04,-3.789146494860556880e-02
5.424464334147003188e-04,-3.669808279509323423e-02
8.136696501220504240e-04,-3.572167921494676102e-02
1.084892866829400638e-03,-3.436556313141000962e-02
1.627339300244100848e-03,-3.290095776119032756e-02
1.898562516951450953e-03,-3.192455418104385434e-02
2.441008950366151380e-03,-3.083966131421446433e-02
2.983455383780851591e-03,-2.975476844738506044e-02
3.525901817195551801e-03,-2.866987558055565655e-02
4.068348250610252445e-03,-2.758498271372625266e-02
4.610794684024952655e-03,-2.677131306360421015e-02
5.153241117439652866e-03,-2.595764341348215376e-02
5.966910767561703181e-03,-2.487275054665274987e-02
6.780580417683753497e-03,-2.378785767982335986e-02
7.594250067805803812e-03,-2.270296481299395597e-02
8.407919717927854128e-03,-2.161807194616455208e-02
9.221589368049905311e-03,-2.053317907933514819e-02
1.030648223487930573e-02,-1.944828621250575817e-02
1.139137510170870615e-02,-1.836339334567635428e-02
1.247626796853810657e-02,-1.727850047884695039e-02
1.356116083536750699e-02,-1.619360761201754650e-02
1.464605370219690741e-02,-1.510871474518815649e-02
1.573094656902630784e-02,-1.402382187835875260e-02
1.654461621914836075e-02,-1.321015222823669621e-02
1.790073230268510868e-02,-1.239648257811465371e-02
1.898562516951450910e-02,-1.131158971128524982e-02
1.979929481963656202e-02,-1.049792006116319343e-02
2.115541090317330994e-02,-9.684250411041150919e-03
2.196908055329536286e-02,-8.870580760919094532e-03
2.332519663683211425e-02,-8.056911110797052022e-03
2.441008950366151467e-02,-7.243241460674995635e-03
2.549498237049091509e-02,-6.429571810552953126e-03
2.712232167073501399e-02,-5.344678943723549236e-03
2.874966097097911635e-02,-4.259786076894145346e-03
3.037700027122321525e-02,-3.174893210064741456e-03
3.146189313805261567e-02,-2.632446776650046449e-03
3.308923243829672151e-02,-1.547553909820642559e-03
3.417412530512611846e-02,-1.005107476405947553e-03
3.553024138866286985e-02,-1.914378262838911660e-04
3.688635747219962124e-02,6.222318238381513433e-04
3.824247355573637264e-02,1.435901473960207730e-03
3.932736642256576959e-02,1.978347907374902737e-03
4.068348250610252098e-02,2.792017557496959124e-03
4.176837537293192487e-02,3.334463990911661069e-03
4.312449145646867626e-02,4.148133641033710517e-03
4.420938432329807322e-02,4.690580074448412462e-03
4.529427719012747711e-02,5.233026507863107468e-03
4.637917005695687406e-02,5.775472941277809413e-03
4.746406292378627795e-02,6.317919374692511358e-03
4.854895579061567490e-02,6.860365808107213303e-03
4.963384865744507879e-02,7.402812241521908310e-03
5.071874152427447574e-02,7.945258674936610255e-03
5.207485760781122713e-02,8.487705108351312200e-03
5.315975047464063102e-02,9.030151541766014145e-03
5.451586655817738242e-02,9.572597975180709151e-03
5.560075942500677937e-02,1.011504440859541110e-02
5.668565229183618326e-02,1.065749084201011304e-02
5.804176837537293465e-02,1.119993727542481499e-02
5.939788445890968605e-02,1.174238370883950999e-02
6.048277732573908300e-02,1.228483014225421194e-02
6.183889340927583439e-02,1.282727657566891388e-02
6.319500949281257884e-02,1.336972300908361583e-02
6.455112557634933024e-02,1.391216944249831777e-02
6.563601844317873413e-02,1.445461587591301278e-02
6.699213452671548552e-02,1.499706230932771472e-02
6.834825061025223691e-02,1.553950874274241667e-02
6.997558991049633581e-02,1.608195517615711861e-02
7.106048277732573970e-02,1.662440160957181362e-02
7.268782207756983860e-02,1.716684804298651557e-02
7.404393816110658999e-02,1.770929447640121751e-02
7.540005424464334138e-02,1.825174090981591946e-02
7.702739354488744028e-02,1.879418734323061446e-02
7.865473284513153918e-02,1.933663377664531641e-02
8.001084892866829057e-02,1.987908021006001835e-02
8.136696501220504196e-02,2.042152664347472030e-02
8.299430431244914086e-02,2.096397307688941530e-02
8.462164361269323976e-02,2.150641951030411725e-02
8.624898291293735253e-02,2.204886594371881919e-02
8.787632221318145143e-02,2.259131237713352114e-02
8.950366151342555032e-02,2.313375881054822308e-02
9.113100081366964922e-02,2.367620524396291809e-02
9.275834011391374812e-02,2.421865167737762004e-02
9.438567941415784701e-02,2.476109811079232198e-02
9.601301871440194591e-02,2.530354454420702393e-02
9.818280444806075369e-02,2.584599097762171893e-02
9.981014374830485258e-02,2.638843741103642088e-02
1.014374830485489515e-01,2.693088384445112282e-02
1.030648223487930504e-01,2.747333027786582477e-02
1.052346080824518582e-01,2.801577671128051977e-02
1.068619473826959571e-01,2.855822314469522172e-02
1.084892866829400560e-01,2.910066957810992366e-02
1.093029563330621123e-01,2.910066957810992366e-02
1.106590724165988637e-01,2.964311601152462561e-02
1.122864117168429626e-01,3.018556244493932061e-02
1.131000813669650190e-01,3.018556244493932061e-02
1.144561974505017565e-01,3.072800887835402256e-02
1.166259831841605643e-01,3.127045531176872450e-02
1.182533224844046632e-01,3.181290174518342645e-02
1.190669921345267196e-01,3.181290174518342645e-02
1.204231082180634710e-01,3.235534817859812146e-02
1.212367778681855135e-01,3.235534817859812146e-02
1.225928939517222649e-01,3.289779461201282340e-02
1.247626796853810727e-01,3.344024104542752535e-02
1.263900189856251577e-01,3.398268747884222729e-02
1.272036886357472141e-01,3.398268747884222729e-02
1.285598047192839655e-01,3.452513391225692230e-02
1.293734743694060219e-01,3.452513391225692230e-02
1.307295904529427732e-01,3.506758034567163118e-02
1.315432601030648296e-01,3.506758034567163118e-02
1.328993761866015810e-01,3.561002677908632619e-02
1.337130458367236374e-01,3.561002677908632619e-02
1.350691619202603611e-01,3.615247321250102813e-02
1.358828315703824174e-01,3.615247321250102813e-02
1.377813940873338638e-01,3.669491964591573008e-02
1.385950637374559202e-01,3.669491964591573008e-02
1.399511798209926716e-01,3.723736607933042508e-02
1.407648494711147280e-01,3.723736607933042508e-02
1.421209655546514794e-01,3.777981251274512703e-02
1.429346352047735358e-01,3.777981251274512703e-02
1.442907512883102872e-01,3.832225894615982897e-02
1.453756441551396772e-01,3.832225894615982897e-02
1.470029834553837900e-01,3.886470537957452398e-02
1.478166531055058186e-01,3.886470537957452398e-02
1.491727691890425700e-01,3.940715181298923286e-02
1.502576620558719878e-01,3.940715181298923286e-02
1.518850013561160728e-01,3.994959824640392787e-02
1.526986710062381292e-01,3.994959824640392787e-02
1.540547870897748806e-01,4.049204467981862982e-02
1.551396799566042983e-01,4.049204467981862982e-02
1.567670192568483833e-01,4.103449111323333176e-02
1.578519121236777734e-01,4.103449111323333176e-02
1.594792514239218861e-01,4.157693754664802677e-02
1.602929210740439425e-01,4.157693754664802677e-02
1.621914835909953889e-01,4.211938398006272871e-02
1.630051532411174453e-01,4.211938398006272871e-02
1.649037157580688917e-01,4.266183041347743066e-02
1.657173854081909481e-01,4.266183041347743066e-02
1.676159479251423945e-01,4.320427684689212566e-02
1.684296175752644509e-01,4.320427684689212566e-02
1.708706265256305923e-01,4.374672328030683455e-02
1.730404122592894001e-01,4.428916971372152955e-02
1.741253051261187901e-01,4.428916971372152955e-02
1.757526444263629029e-01,4.483161614713623150e-02
1.768375372931922929e-01,4.483161614713623150e-02
1.790073230268511006e-01,4.537406258055093344e-02
1.800922158936804907e-01,4.537406258055093344e-02
1.817195551939246034e-01,4.591650901396562845e-02
1.828044480607539934e-01,4.591650901396562845e-02
1.849742337944128012e-01,4.645895544738033733e-02
1.860591266612421912e-01,4.645895544738033733e-02
1.876864659614863040e-01,4.700140188079503234e-02
1.887713588283156940e-01,4.700140188079503234e-02
1.895850284784377504e-01,4.700140188079503234e-02
1.909411445619745018e-01,4.754384831420973428e-02
1.920260374288038918e-01,4.754384831420973428e-02
1.941958231624626996e-01,4.808629474762443623e-02
1.952807160292921174e-01,4.808629474762443623e-02
1.974505017629508974e-01,4.862874118103913124e-02
1.985353946297803152e-01,4.862874118103913124e-02
1.993490642799023715e-01,4.862874118103913124e-02
2.007051803634391229e-01,4.917118761445383318e-02
2.017900732302685129e-01,4.917118761445383318e-02
2.026037428803905693e-01,4.917118761445383318e-02
2.045023053973420157e-01,4.971363404786853513e-02
2.055871982641714057e-01,4.971363404786853513e-02
2.077569839978302135e-01,5.025608048128323707e-02
2.088418768646596035e-01,5.025608048128323707e-02
2.096555465147816599e-01,5.025608048128323707e-02
2.110116625983184113e-01,5.079852691469793902e-02
2.120965554651478291e-01,5.079852691469793902e-02
2.129102251152698577e-01,5.079852691469793902e-02
2.153512340656360269e-01,5.134097334811263402e-02
2.164361269324654169e-01,5.134097334811263402e-02
2.186059126661242247e-01,5.188341978152733597e-02
2.196908055329536147e-01,5.188341978152733597e-02
2.205044751830756711e-01,5.188341978152733597e-02
2.224030377000271175e-01,5.242586621494203791e-02
2.234879305668565352e-01,5.242586621494203791e-02
2.243016002169785639e-01,5.242586621494203791e-02
2.262001627339300380e-01,5.296831264835673292e-02
2.272850556007594280e-01,5.296831264835673292e-02
2.283699484675888181e-01,5.296831264835673292e-02
2.299972877678329308e-01,5.351075908177143486e-02
2.310821806346623208e-01,5.351075908177143486e-02
2.321670735014917386e-01,5.351075908177143486e-02
2.348793056685652414e-01,5.405320551518613681e-02
2.359641985353946314e-01,5.405320551518613681e-02
2.367778681855166878e-01,5.405320551518613681e-02
2.386764307024681342e-01,5.459565194860083875e-02
2.397613235692975242e-01,5.459565194860083875e-02
2.408462164361269420e-01,5.459565194860083875e-02
2.430160021697857220e-01,5.513809838201554070e-02
2.441008950366151398e-01,5.513809838201554070e-02
2.451857879034445298e-01,5.513809838201554070e-02
2.473555736371033376e-01,5.568054481543023571e-02
2.484404665039327276e-01,5.568054481543023571e-02
2.495253593707621453e-01,5.568054481543023571e-02
2.522375915378356481e-01,5.622299124884493765e-02
2.533224844046650381e-01,5.622299124884493765e-02
2.544073772714944282e-01,5.622299124884493765e-02
2.552210469216165123e-01,5.622299124884493765e-02
2.571196094385679309e-01,5.676543768225963960e-02
2.582045023053973209e-01,5.676543768225963960e-02
2.592893951722267665e-01,5.676543768225963960e-02
2.601030648223487951e-01,5.676543768225963960e-02
2.620016273393002693e-01,5.730788411567433460e-02
2.630865202061296593e-01,5.730788411567433460e-02
2.641714130729590493e-01,5.730788411567433460e-02
2.649850827230810779e-01,5.730788411567433460e-02
2.668836452400325521e-01,5.785033054908903655e-02
2.679685381068619421e-01,5.785033054908903655e-02
2.690534309736913321e-01,5.785033054908903655e-02
2.701383238405207221e-01,5.785033054908903655e-02
2.723081095741795576e-01,5.839277698250373849e-02
2.733930024410089477e-01,5.839277698250373849e-02
2.744778953078383377e-01,5.839277698250373849e-02
2.752915649579604218e-01,5.839277698250373849e-02
2.782750203417412305e-01,5.893522341591844044e-02
2.793599132085706760e-01,5.893522341591844044e-02
2.804448060754000660e-01,5.893522341591844044e-02
2.815296989422294560e-01,5.893522341591844044e-02
2.842419311093029588e-01,5.947766984933314238e-02
2.853268239761323488e-01,5.947766984933314238e-02
2.864117168429617388e-01,5.947766984933314238e-02
2.872253864930838230e-01,5.947766984933314238e-02
2.899376186601573258e-01,6.002011628274783739e-02
2.912937347436940771e-01,6.002011628274783739e-02
2.923786276105234672e-01,6.002011628274783739e-02
2.934635204773528572e-01,6.002011628274783739e-02
2.942771901274748858e-01,6.002011628274783739e-02
2.967181990778410827e-01,6.056256271616253933e-02
2.978030919446704727e-01,6.056256271616253933e-02
2.988879848114998627e-01,6.056256271616253933e-02
2.999728776783292528e-01,6.056256271616253933e-02
3.010577705451586428e-01,6.056256271616253933e-02
3.037700027122321456e-01,6.110500914957724128e-02
3.048548955790615911e-01,6.110500914957724128e-02
3.059397884458909811e-01,6.110500914957724128e-02
3.070246813127203711e-01,6.110500914957724128e-02
3.078383509628423997e-01,6.110500914957724128e-02
3.108218063466232639e-01,6.164745558299194322e-02
3.119066992134526539e-01,6.164745558299194322e-02
3.129915920802820994e-01,6.164745558299194322e-02
3.140764849471114895e-01,6.164745558299194322e-02
3.151613778139408795e-01,6.164745558299194322e-02
3.162462706807702695e-01,6.164745558299194322e-02
3.189585028478437723e-01,6.218990201640663823e-02
3.200433957146731623e-01,6.218990201640663823e-02
3.211282885815025523e-01,6.218990201640663823e-02
3.222131814483319978e-01,6.218990201640663823e-02
3.232980743151613878e-01,6.218990201640663823e-02
3.243829671819907778e-01,6.218990201640663823e-02
3.251966368321128065e-01,6.218990201640663823e-02
3.276376457824790034e-01,6.273234844982134017e-02
3.287225386493083934e-01,6.273234844982134017e-02
3.298074315161377834e-01,6.273234844982134017e-02
3.308923243829671734e-01,6.273234844982134017e-02
3.319772172497965634e-01,6.273234844982134017e-02
3.330621101166260090e-01,6.273234844982134017e-02
3.341470029834553990e-01,6.273234844982134017e-02
3.374016815839435690e-01,6.327479488323603518e-02
3.384865744507729590e-01,6.327479488323603518e-02
3.395714673176024045e-01,6.327479488323603518e-02
3.406563601844317946e-01,6.327479488323603518e-02
3.417412530512611846e-01,6.327479488323603518e-02
3.428261459180905746e-01,6.327479488323603518e-02
3.439110387849199646e-01,6.327479488323603518e-02
3.447247084350420487e-01,6.327479488323603518e-02
3.482506102522375802e-01,6.381724131665074407e-02
3.493355031190669702e-01,6.381724131665074407e-02
3.504203959858964157e-01,6.381724131665074407e-02
3.515052888527258057e-01,6.381724131665074407e-02
3.525901817195551957e-01,6.381724131665074407e-02
3.536750745863845857e-01,6.381724131665074407e-02
3.547599674532139757e-01,6.381724131665074407e-02
3.558448603200434213e-01,6.381724131665074407e-02
3.569297531868728113e-01,6.381724131665074407e-02
3.604556550040683427e-01,6.435968775006543907e-02
3.618117710876050941e-01,6.435968775006543907e-02
3.628966639544344841e-01,6.435968775006543907e-02
3.639815568212638741e-01,6.435968775006543907e-02
3.650664496880933196e-01,6.435968775006543907e-02
3.661513425549227096e-01,6.435968775006543907e-02
3.672362354217520997e-01,6.435968775006543907e-02
3.683211282885814897e-01,6.435968775006543907e-02
3.694060211554108797e-01,6.435968775006543907e-02
3.704909140222403252e-01,6.435968775006543907e-02
3.715758068890697152e-01,6.435968775006543907e-02
3.726606997558991052e-01,6.435968775006543907e-02
3.734743694060211339e-01,6.435968775006543907e-02
3.775427176566313880e-01,6.490213418348014796e-02
3.786276105234608336e-01,6.490213418348014796e-02
3.797125033902902236e-01,6.490213418348014796e-02
3.807973962571196136e-01,6.490213418348014796e-02
3.818822891239490036e-01,6.490213418348014796e-02
3.829671819907783936e-01,6.490213418348014796e-02
3.840520748576077836e-01,6.490213418348014796e-02
3.851369677244372292e-01,6.490213418348014796e-02
3.862218605912666192e-01,6.490213418348014796e-02
3.873067534580960092e-01,6.490213418348014796e-02
3.883916463249253992e-01,6.490213418348014796e-02
3.894765391917547892e-01,6.490213418348014796e-02
3.905614320585842347e-01,6.490213418348014796e-02
3.916463249254136247e-01,6.490213418348014796e-02
3.927312177922430148e-01,6.490213418348014796e-02
3.938161106590724048e-01,6.490213418348014796e-02
3.949010035259017948e-01,6.490213418348014796e-02
3.959858963927312403e-01,6.490213418348014796e-02
3.970707892595606303e-01,6.490213418348014796e-02
3.978844589096826589e-01,6.490213418348014796e-02
4.068348250610252514e-01,6.544458061689484296e-02
4.079197179278546415e-01,6.544458061689484296e-02
4.090046107946840315e-01,6.544458061689484296e-02
4.100895036615134215e-01,6.544458061689484296e-02
4.111743965283428115e-01,6.544458061689484296e-02
4.122592893951722015e-01,6.544458061689484296e-02
4.133441822620016470e-01,6.544458061689484296e-02
4.144290751288310370e-01,6.544458061689484296e-02
4.155139679956604271e-01,6.544458061689484296e-02
4.165988608624898171e-01,6.544458061689484296e-02
4.176837537293192071e-01,6.544458061689484296e-02
4.187686465961486526e-01,6.544458061689484296e-02
4.198535394629780426e-01,6.544458061689484296e-02
4.209384323298074326e-01,6.544458061689484296e-02
4.220233251966368226e-01,6.544458061689484296e-02
4.231082180634662127e-01,6.544458061689484296e-02
4.241931109302956582e-01,6.544458061689484296e-02
4.252780037971250482e-01,6.544458061689484296e-02
4.263628966639544382e-01,6.544458061689484296e-02
4.274477895307838282e-01,6.544458061689484296e-02
4.285326823976132182e-01,6.544458061689484296e-02
4.296175752644426638e-01,6.544458061689484296e-02
4.307024681312720538e-01,6.544458061689484296e-02
4.317873609981014438e-01,6.544458061689484296e-02
4.328722538649308338e-01,6.544458061689484296e-02
4.339571467317602238e-01,6.544458061689484296e-02
4.350420395985896138e-01,6.544458061689484296e-02
4.361269324654190593e-01,6.544458061689484296e-02
4.372118253322484493e-01,6.544458061689484296e-02
4.382967181990778394e-01,6.544458061689484296e-02
4.469758611337130705e-01,6.490213418348014796e-02
4.480607540005424605e-01,6.490213418348014796e-02
4.491456468673718505e-01,6.490213418348014796e-02
4.502305397342012405e-01,6.490213418348014796e-02
4.513154326010306305e-01,6.490213418348014796e-02
4.524003254678600761e-01,6.490213418348014796e-02
4.534852183346894661e-01,6.490213418348014796e-02
4.545701112015188561e-01,6.490213418348014796e-02
4.556550040683482461e-01,6.490213418348014796e-02
4.567398969351776361e-01,6.490213418348014796e-02
4.578247898020070261e-01,6.490213418348014796e-02
4.589096826688364716e-01,6.490213418348014796e-02
4.599945755356658617e-01,6.490213418348014796e-02
4.610794684024952517e-01,6.490213418348014796e-02
4.621643612693246417e-01,6.490213418348014796e-02
4.632492541361540317e-01,6.490213418348014796e-02
4.643341470029834772e-01,6.490213418348014796e-02
4.654190398698128672e-01,6.490213418348014796e-02
4.665039327366422572e-01,6.490213418348014796e-02
4.673176023867642859e-01,6.490213418348014796e-02
4.713859506373745401e-01,6.435968775006543907e-02
4.724708435042039856e-01,6.435968775006543907e-02
4.735557363710333756e-01,6.435968775006543907e-02
4.746406292378627656e-01,6.435968775006543907e-02
4.757255221046921556e-01,6.435968775006543907e-02
4.768104149715215456e-01,6.435968775006543907e-02
4.778953078383509356e-01,6.435968775006543907e-02
4.789802007051803812e-01,6.435968775006543907e-02
4.800650935720097712e-01,6.435968775006543907e-02
4.811499864388391612e-01,6.435968775006543907e-02
4.819636560889611898e-01,6.435968775006543907e-02
4.833197721724979412e-01,6.435968775006543907e-02
4.844046650393273867e-01,6.435968775006543907e-02
4.882017900732302795e-01,6.381724131665074407e-02
4.898291293734743923e-01,6.381724131665074407e-02
4.914564686737184496e-01,6.381724131665074407e-02
4.925413615405478951e-01,6.381724131665074407e-02
4.936262544073772851e-01,6.381724131665074407e-02
4.947111472742066751e-01,6.381724131665074407e-02
4.957960401410360651e-01,6.381724131665074407e-02
4.968809330078654551e-01,6.381724131665074407e-02
4.979658258746949007e-01,6.381724131665074407e-02
5.017629509085977935e-01,6.327479488323603518e-02
5.028478437754271280e-01,6.327479488323603518e-02
5.039327366422565735e-01,6.327479488323603518e-02
5.050176295090860190e-01,6.327479488323603518e-02
5.061025223759153535e-01,6.327479488323603518e-02
5.071874152427447990e-01,6.327479488323603518e-02
5.080010848928668832e-01,6.327479488323603518e-02
5.093572009764035791e-01,6.327479488323603518e-02
5.101708706265256632e-01,6.327479488323603518e-02
5.120694331434770818e-01,6.273234844982134017e-02
5.131543260103065274e-01,6.273234844982134017e-02
5.142392188771358619e-01,6.273234844982134017e-02
5.153241117439653074e-01,6.273234844982134017e-02
5.164090046107946419e-01,6.273234844982134017e-02
5.174938974776240874e-01,6.273234844982134017e-02
5.185787903444535329e-01,6.273234844982134017e-02
5.202061296446975902e-01,6.273234844982134017e-02
5.223759153783563702e-01,6.218990201640663823e-02
5.234608082451858158e-01,6.218990201640663823e-02
5.245457011120151503e-01,6.218990201640663823e-02
5.256305939788445958e-01,6.218990201640663823e-02
5.267154868456740413e-01,6.218990201640663823e-02
5.278003797125033758e-01,6.218990201640663823e-02
5.288852725793328213e-01,6.218990201640663823e-02
5.296989422294547945e-01,6.218990201640663823e-02
5.310550583129916014e-01,6.164745558299194322e-02
5.321399511798210469e-01,6.164745558299194322e-02
5.332248440466503814e-01,6.164745558299194322e-02
5.343097369134798269e-01,6.164745558299194322e-02
5.353946297803091614e-01,6.164745558299194322e-02
5.364795226471386069e-01,6.164745558299194322e-02
5.375644155139679414e-01,6.164745558299194322e-02
5.394629780309194711e-01,6.110500914957724128e-02
5.408190941144561670e-01,6.110500914957724128e-02
5.419039869812856125e-01,6.110500914957724128e-02
5.429888798481149470e-01,6.110500914957724128e-02
5.440737727149443925e-01,6.110500914957724128e-02
5.451586655817738380e-01,6.110500914957724128e-02
5.459723352318958112e-01,6.110500914957724128e-02
5.473284513154326181e-01,6.056256271616253933e-02
5.484133441822619526e-01,6.056256271616253933e-02
5.494982370490913981e-01,6.056256271616253933e-02
5.505831299159208436e-01,6.056256271616253933e-02
5.516680227827501781e-01,6.056256271616253933e-02
5.532953620829943464e-01,6.056256271616253933e-02
5.549227013832384037e-01,6.002011628274783739e-02
5.560075942500678492e-01,6.002011628274783739e-02
5.570924871168971837e-01,6.002011628274783739e-02
5.581773799837266292e-01,6.002011628274783739e-02
5.592622728505559637e-01,6.002011628274783739e-02
5.603471657173854092e-01,6.002011628274783739e-02
5.619745050176294665e-01,5.947766984933314238e-02
5.630593978844589120e-01,5.947766984933314238e-02
5.641442907512883576e-01,5.947766984933314238e-02
5.652291836181176921e-01,5.947766984933314238e-02
5.663140764849471376e-01,5.947766984933314238e-02
5.671277461350691107e-01,5.947766984933314238e-02
5.684838622186059176e-01,5.893522341591844044e-02
5.695687550854353631e-01,5.893522341591844044e-02
5.706536479522646976e-01,5.893522341591844044e-02
5.717385408190941432e-01,5.893522341591844044e-02
5.728234336859234777e-01,5.893522341591844044e-02
5.736371033360455618e-01,5.893522341591844044e-02
5.749932194195823687e-01,5.839277698250373849e-02
5.760781122864117032e-01,5.839277698250373849e-02
5.771630051532411487e-01,5.839277698250373849e-02
5.782478980200704832e-01,5.839277698250373849e-02
5.796040141036072901e-01,5.839277698250373849e-02
5.809601301871439860e-01,5.785033054908903655e-02
5.820450230539734315e-01,5.785033054908903655e-02
5.831299159208027660e-01,5.785033054908903655e-02
5.842148087876322116e-01,5.785033054908903655e-02
5.852997016544616571e-01,5.785033054908903655e-02
5.869270409547057143e-01,5.730788411567433460e-02
5.880119338215351599e-01,5.730788411567433460e-02
5.890968266883644944e-01,5.730788411567433460e-02
5.901817195551939399e-01,5.730788411567433460e-02
5.912666124220232744e-01,5.730788411567433460e-02
5.923515052888527199e-01,5.676543768225963960e-02
5.939788445890967772e-01,5.676543768225963960e-02
5.950637374559262227e-01,5.676543768225963960e-02
5.961486303227556682e-01,5.676543768225963960e-02
5.969622999728776414e-01,5.676543768225963960e-02
5.983184160564144483e-01,5.622299124884493765e-02
5.994033089232437828e-01,5.622299124884493765e-02
6.004882017900732283e-01,5.622299124884493765e-02
6.015730946569026738e-01,5.622299124884493765e-02
6.023867643070246469e-01,5.622299124884493765e-02
6.037428803905614538e-01,5.568054481543023571e-02
6.048277732573907883e-01,5.568054481543023571e-02
6.059126661242202339e-01,5.568054481543023571e-02
6.069975589910496794e-01,5.568054481543023571e-02
6.086248982912937366e-01,5.513809838201554070e-02
6.097097911581231822e-01,5.513809838201554070e-02
6.107946840249525167e-01,5.513809838201554070e-02
6.118795768917819622e-01,5.513809838201554070e-02
6.129644697586112967e-01,5.486687516530818626e-02
6.140493626254407422e-01,5.459565194860083875e-02
6.151342554922701877e-01,5.459565194860083875e-02
6.162191483590995222e-01,5.459565194860083875e-02
6.173040412259289678e-01,5.459565194860083875e-02
6.183889340927583023e-01,5.405320551518613681e-02
6.194738269595877478e-01,5.405320551518613681e-02
6.205587198264171933e-01,5.405320551518613681e-02
6.216436126932465278e-01,5.405320551518613681e-02
6.227285055600759733e-01,5.378198229847878931e-02
6.238133984269053078e-01,5.351075908177143486e-02
6.248982912937347534e-01,5.351075908177143486e-02
6.259831841605641989e-01,5.351075908177143486e-02
6.267968538106861720e-01,5.351075908177143486e-02
6.281529698942229789e-01,5.296831264835673292e-02
6.292378627610523134e-01,5.296831264835673292e-02
6.303227556278817589e-01,5.296831264835673292e-02
6.314076484947110934e-01,5.296831264835673292e-02
6.324925413615405390e-01,5.242586621494203791e-02
6.335774342283699845e-01,5.242586621494203791e-02
6.346623270951993190e-01,5.242586621494203791e-02
6.357472199620287645e-01,5.242586621494203791e-02
6.373745592622728218e-01,5.188341978152733597e-02
6.384594521291022673e-01,5.188341978152733597e-02
6.395443449959316018e-01,5.188341978152733597e-02
6.403580146460536859e-01,5.188341978152733597e-02
6.417141307295904928e-01,5.134097334811263402e-02
6.427990235964198273e-01,5.134097334811263402e-02
6.438839164632492729e-01,5.134097334811263402e-02
6.449688093300786074e-01,5.106975013140528652e-02
6.460537021969080529e-01,5.079852691469793902e-02
6.471385950637374984e-01,5.079852691469793902e-02
6.482234879305668329e-01,5.079852691469793902e-02
6.493083807973962784e-01,5.052730369799058457e-02
6.503932736642256129e-01,5.025608048128323707e-02
6.514781665310550585e-01,5.025608048128323707e-02
6.525630593978845040e-01,5.025608048128323707e-02
6.533767290480064771e-01,5.025608048128323707e-02
6.547328451315432840e-01,4.971363404786853513e-02
6.558177379983726185e-01,4.971363404786853513e-02
6.569026308652020640e-01,4.971363404786853513e-02
6.579875237320315096e-01,4.917118761445383318e-02
6.590724165988608441e-01,4.917118761445383318e-02
6.601573094656902896e-01,4.917118761445383318e-02
6.623270951993490696e-01,4.862874118103913124e-02
6.634119880661785151e-01,4.862874118103913124e-02
6.644968809330078496e-01,4.862874118103913124e-02
6.655817737998372952e-01,4.835751796433178373e-02
6.672091131000813524e-01,4.808629474762443623e-02
6.682940059669107979e-01,4.808629474762443623e-02
6.693788988337401324e-01,4.781507153091708179e-02
6.704637917005695780e-01,4.754384831420973428e-02
6.715486845673990235e-01,4.754384831420973428e-02
6.726335774342283580e-01,4.754384831420973428e-02
6.737184703010578035e-01,4.700140188079503234e-02
6.748033631678871380e-01,4.700140188079503234e-02
6.758882560347165835e-01,4.700140188079503234e-02
6.769731489015459180e-01,4.673017866408768484e-02
6.780580417683753636e-01,4.645895544738033733e-02
6.791429346352048091e-01,4.645895544738033733e-02
6.802278275020341436e-01,4.645895544738033733e-02
6.813127203688635891e-01,4.591650901396562845e-02
6.823976132356929236e-01,4.591650901396562845e-02
6.834825061025223691e-01,4.591650901396562845e-02
6.845673989693518147e-01,4.537406258055093344e-02
6.856522918361811492e-01,4.537406258055093344e-02
6.867371847030105947e-01,4.537406258055093344e-02
6.883645240032546520e-01,4.483161614713623150e-02
6.894494168700840975e-01,4.483161614713623150e-02
6.902630865202061816e-01,4.483161614713623150e-02
6.916192026037428775e-01,4.428916971372152955e-02
6.927040954705723230e-01,4.428916971372152955e-02
6.937889883374016575e-01,4.428916971372152955e-02
6.948738812042311030e-01,4.401794649701418205e-02
6.965012205044751603e-01,4.374672328030683455e-02
6.978573365880119672e-01,4.374672328030683455e-02
6.992134526715486631e-01,4.320427684689212566e-02
7.002983455383781086e-01,4.320427684689212566e-02
7.011120151885000817e-01,4.320427684689212566e-02
7.024681312720368886e-01,4.266183041347743066e-02
7.035530241388663342e-01,4.266183041347743066e-02
7.046379170056956687e-01,4.266183041347743066e-02
7.057228098725251142e-01,4.211938398006272871e-02
7.068077027393544487e-01,4.211938398006272871e-02
7.078925956061838942e-01,4.211938398006272871e-02
7.089774884730133397e-01,4.157693754664802677e-02
7.100623813398426742e-01,4.157693754664802677e-02
7.111472742066721198e-01,4.157693754664802677e-02
7.119609438567940929e-01,4.103449111323333176e-02
7.133170599403308998e-01,4.103449111323333176e-02
7.144019528071603453e-01,4.103449111323333176e-02
7.154868456739896798e-01,4.049204467981862982e-02
7.165717385408191253e-01,4.049204467981862982e-02
7.173854081909410985e-01,4.049204467981862982e-02
7.187415242744779054e-01,3.994959824640392787e-02
7.198264171413073509e-01,3.994959824640392787e-02
7.209113100081366854e-01,3.967837502969658037e-02
7.219962028749661309e-01,3.940715181298923286e-02
7.230810957417954654e-01,3.940715181298923286e-02
7.241659886086249109e-01,3.913592859628187842e-02
7.252508814754542454e-01,3.886470537957452398e-02
7.263357743422836910e-01,3.886470537957452398e-02
7.274206672091131365e-01,3.859348216286717648e-02
7.285055600759424710e-01,3.832225894615982897e-02
7.295904529427719165e-01,3.832225894615982897e-02
7.306753458096012510e-01,3.777981251274512703e-02
7.317602386764306965e-01,3.777981251274512703e-02
7.328451315432601421e-01,3.777981251274512703e-02
7.339300244100894766e-01,3.723736607933042508e-02
7.350149172769189221e-01,3.723736607933042508e-02
7.366422565771629793e-01,3.669491964591573008e-02
7.377271494439924249e-01,3.669491964591573008e-02
7.388120423108217594e-01,3.669491964591573008e-02
7.398969351776512049e-01,3.615247321250102813e-02
7.407106048277732890e-01,3.615247321250102813e-02
7.420667209113099849e-01,3.588124999579367369e-02
7.431516137781394304e-01,3.561002677908632619e-02
7.442365066449687649e-01,3.561002677908632619e-02
7.453213995117982105e-01,3.533880356237897868e-02
7.464062923786276560e-01,3.506758034567163118e-02
7.474911852454569905e-01,3.506758034567163118e-02
7.491185245457011588e-01,3.452513391225692230e-02
7.502034174125304933e-01,3.452513391225692230e-02
7.512883102793599388e-01,3.398268747884222729e-02
7.523732031461892733e-01,3.398268747884222729e-02
7.534580960130187188e-01,3.371146426213487285e-02
7.545429888798481644e-01,3.344024104542752535e-02
7.556278817466774989e-01,3.344024104542752535e-02
7.567127746135069444e-01,3.300628389869576795e-02
7.577976674803362789e-01,3.289779461201282340e-02
7.588825603471657244e-01,3.289779461201282340e-02
7.599674532139951699e-01,3.235534817859812146e-02
7.610523460808245044e-01,3.235534817859812146e-02
7.621372389476539499e-01,3.208412496189077395e-02
7.632221318144832845e-01,3.181290174518342645e-02
7.643070246813127300e-01,3.181290174518342645e-02
7.653919175481421755e-01,3.127045531176872450e-02
7.664768104149715100e-01,3.127045531176872450e-02
7.675617032818009555e-01,3.099923209506137700e-02
7.686465961486302900e-01,3.072800887835402256e-02
7.697314890154597355e-01,3.072800887835402256e-02
7.708163818822890700e-01,3.018556244493932061e-02
7.719012747491185156e-01,3.018556244493932061e-02
7.729861676159479611e-01,2.991433922823197311e-02
7.740710604827772956e-01,2.964311601152462561e-02
7.756983997830214639e-01,2.937189279481727117e-02
7.767832926498507984e-01,2.910066957810992366e-02
7.778681855166802439e-01,2.910066957810992366e-02
7.789530783835095784e-01,2.855822314469522172e-02
7.800379712503390239e-01,2.855822314469522172e-02
7.811228641171684695e-01,2.828699992798787421e-02
7.822077569839978040e-01,2.801577671128051977e-02
7.832926498508272495e-01,2.785304278125611682e-02
7.843775427176565840e-01,2.747333027786582477e-02
7.854624355844860295e-01,2.747333027786582477e-02
7.865473284513154750e-01,2.693088384445112282e-02
7.876322213181448095e-01,2.693088384445112282e-02
7.884458909682668937e-01,2.693088384445112282e-02
7.898020070518035896e-01,2.638843741103642088e-02
7.908868999186330351e-01,2.638843741103642088e-02
7.919717927854624806e-01,2.584599097762171893e-02
7.930566856522918151e-01,2.584599097762171893e-02
7.941415785191212606e-01,2.557476776091437143e-02
7.952264713859505951e-01,2.530354454420702393e-02
7.963113642527800407e-01,2.514081061418261404e-02
7.973962571196094862e-01,2.476109811079232198e-02
7.984811499864388207e-01,2.476109811079232198e-02
7.995660428532682662e-01,2.421865167737762004e-02
8.006509357200976007e-01,2.421865167737762004e-02
8.017358285869270462e-01,2.394742846067027253e-02
8.028207214537564917e-01,2.367620524396291809e-02
8.039056143205858262e-01,2.351347131393850820e-02
8.049905071874152718e-01,2.313375881054822308e-02
8.058041768375372449e-01,2.313375881054822308e-02
8.071602929210740518e-01,2.259131237713352114e-02
8.082451857879034973e-01,2.259131237713352114e-02
8.093300786547328318e-01,2.232008916042616670e-02
8.104149715215622773e-01,2.204886594371881919e-02
8.114998643883916118e-01,2.177764272701147169e-02
8.125847572552210574e-01,2.150641951030411725e-02
8.136696501220505029e-01,2.150641951030411725e-02
8.147545429888798374e-01,2.096397307688941530e-02
8.158394358557092829e-01,2.096397307688941530e-02
8.169243287225386174e-01,2.042152664347472030e-02
8.180092215893680629e-01,2.042152664347472030e-02
8.190941144561973974e-01,2.015030342676736586e-02
8.201790073230268430e-01,1.987908021006001835e-02
8.212639001898562885e-01,1.971634628003560846e-02
8.223487930566856230e-01,1.933663377664531641e-02
8.231624627068077071e-01,1.933663377664531641e-02
8.245185787903444030e-01,1.879418734323061446e-02
8.256034716571738485e-01,1.879418734323061446e-02
8.266883645240032941e-01,1.825174090981591946e-02
8.277732573908326286e-01,1.825174090981591946e-02
8.285869270409547127e-01,1.825174090981591946e-02
8.299430431244914086e-01,1.770929447640121751e-02
8.310279359913208541e-01,1.743807125969387001e-02
8.321128288581502996e-01,1.716684804298651557e-02
8.331977217249796341e-01,1.700411411296210568e-02
8.342826145918090797e-01,1.662440160957181362e-02
8.353675074586384142e-01,1.662440160957181362e-02
8.364524003254678597e-01,1.608195517615711861e-02
8.375372931922973052e-01,1.608195517615711861e-02
8.386221860591266397e-01,1.553950874274241667e-02
8.397070789259560852e-01,1.553950874274241667e-02
8.407919717927854197e-01,1.526828552603506223e-02
8.418768646596148653e-01,1.499706230932771472e-02
8.429617575264443108e-01,1.472583909262036722e-02
8.440466503932736453e-01,1.445461587591301278e-02
8.456739896935178136e-01,1.391216944249831777e-02
8.467588825603471481e-01,1.391216944249831777e-02
8.475725522104692322e-01,1.336972300908361583e-02
8.489286682940059281e-01,1.336972300908361583e-02
8.505560075942500964e-01,1.282727657566891388e-02
8.516409004610794309e-01,1.282727657566891388e-02
8.527257933279088764e-01,1.228483014225421194e-02
8.538106861947383219e-01,1.228483014225421194e-02
8.554380254949823792e-01,1.174238370883950999e-02
8.565229183618118247e-01,1.157964977881510704e-02
8.576078112286411592e-01,1.119993727542481499e-02
8.584214808787632434e-01,1.119993727542481499e-02
8.597775969622999392e-01,1.065749084201011304e-02
8.608624898291293848e-01,1.065749084201011304e-02
8.619473826959587193e-01,1.011504440859541110e-02
8.630322755627881648e-01,1.011504440859541110e-02
8.641171684296176103e-01,9.572597975180709151e-03
8.652020612964469448e-01,9.572597975180709151e-03
8.662869541632763903e-01,9.030151541766014145e-03
8.673718470301057248e-01,9.030151541766014145e-03
8.684567398969351704e-01,8.487705108351312200e-03
8.695416327637646159e-01,8.487705108351312200e-03
8.706265256305939504e-01,8.053747961619554807e-03
8.717114184974233959e-01,7.945258674936610255e-03
8.727963113642527304e-01,7.511301528204852862e-03
8.738812042310821759e-01,7.402812241521908310e-03
8.749660970979116215e-01,6.968855094790150917e-03
8.760509899647409560e-01,6.860365808107213303e-03
8.771358828315704015e-01,6.426408661375448972e-03
8.782207756983997360e-01,6.317919374692511358e-03
8.793056685652291815e-01,5.883962227960753966e-03
8.803905614320586270e-01,5.775472941277809413e-03
8.814754542988879615e-01,5.341515794546052021e-03
8.825603471657174071e-01,5.233026507863107468e-03
8.836452400325467416e-01,4.799069361131350075e-03
8.847301328993761871e-01,4.690580074448412462e-03
8.858150257662056326e-01,4.256622927716648130e-03
8.868999186330349671e-01,4.148133641033710517e-03
8.877135882831570513e-01,3.876910424326356075e-03
8.890697043666937471e-01,3.605687207619008572e-03
8.901545972335231927e-01,3.171730060887251179e-03
8.912394901003526382e-01,3.063240774204306627e-03
8.923243829671819727e-01,2.629283627472556173e-03
8.934092758340114182e-01,2.520794340789611621e-03
8.944941687008407527e-01,2.086837194057847289e-03
8.955790615676701982e-01,1.978347907374902737e-03
8.966639544344996438e-01,1.435901473960207730e-03
8.977488473013289783e-01,1.435901473960207730e-03
8.988337401681584238e-01,8.934550405455127242e-04
8.999186330349877583e-01,8.934550405455127242e-04
9.010035259018172038e-01,3.510086071308038402e-04
9.020884187686466493e-01,7.978539042345633714e-05
9.031733116354759838e-01,-1.914378262838911660e-04
9.042582045023054294e-01,-7.338842596986000499e-04
9.050718741524274025e-01,-7.338842596986000499e-04
9.064279902359642094e-01,-1.547553909820642559e-03
9.075128831027935439e-01,-1.818777126527990062e-03
9.085977759696229894e-01,-2.361223559942698946e-03
9.096826688364524349e-01,-2.903669993357393952e-03
9.113100081366964922e-01,-3.608850356796505787e-03
9.123949010035259377e-01,-3.988562860186797843e-03
9.134797938703552722e-01,-4.531009293601492849e-03
9.145646867371847177e-01,-5.073455727016201733e-03
9.156495796040140522e-01,-5.615902160430896739e-03
9.167344724708434978e-01,-6.158348593845591745e-03
9.178193653376729433e-01,-6.700795027260300629e-03
9.189042582045022778e-01,-7.243241460674995635e-03
9.199891510713317233e-01,-7.677198607406759967e-03
9.210740439381610578e-01,-8.219645040821468851e-03
9.221589368049905033e-01,-8.599357544211747029e-03
9.229726064551125875e-01,-8.870580760919094532e-03
9.243287225386492834e-01,-9.684250411041150919e-03
9.254136154054787289e-01,-1.022669684445584593e-02
9.264985082723080634e-01,-1.076914327787055481e-02
9.275834011391375089e-01,-1.131158971128524982e-02
9.286682940059669544e-01,-1.185403614469994482e-02
9.297531868727962889e-01,-1.228799329143170915e-02
9.308380797396257345e-01,-1.293892901152934871e-02
9.319229726064550690e-01,-1.321015222823669621e-02
9.330078654732845145e-01,-1.375259866165140510e-02
9.340927583401139600e-01,-1.429504509506610010e-02
9.351776512069432945e-01,-1.483749152848079511e-02
9.362625440737727400e-01,-1.537993796189550400e-02
9.373474369406020745e-01,-1.592238439531019900e-02
9.384323298074315201e-01,-1.646483082872490789e-02
9.395172226742609656e-01,-1.700727726213960289e-02
9.406021155410903001e-01,-1.754972369555429790e-02
9.416870084079197456e-01,-1.809217012896900678e-02
9.427719012747490801e-01,-1.863461656238370179e-02
9.438567941415785256e-01,-1.917706299579839679e-02
9.449416870084079711e-01,-1.971950942921310568e-02
9.460265798752373057e-01,-2.026195586262780068e-02
9.471114727420667512e-01,-2.080440229604250957e-02
9.481963656088960857e-01,-2.134684872945720457e-02
9.492812584757255312e-01,-2.188929516287189958e-02
9.503661513425549767e-01,-2.243174159628660846e-02
9.514510442093843112e-01,-2.297418802970130347e-02
9.525359370762137567e-01,-2.351663446311601235e-02
9.536208299430430912e-01,-2.405908089653070736e-02
9.547057228098725368e-01,-2.460152732994540237e-02
9.557906156767018713e-01,-2.514397376336011125e-02
9.568755085435313168e-01,-2.568642019677480626e-02
9.579604014103607623e-01,-2.622886663018950126e-02
9.590452942771900968e-01,-2.677131306360421015e-02
9.601301871440195423e-01,-2.731375949701890515e-02
9.609438567941416265e-01,-2.785620593043361404e-02
9.620287496609709610e-01,-2.839865236384830904e-02
9.633848657445077679e-01,-2.910383272728742088e-02
9.644697586113371024e-01,-2.975476844738506044e-02
9.655546514781665479e-01,-3.029721488079975544e-02
9.666395443449958824e-01,-3.083966131421446433e-02
9.677244372118253279e-01,-3.138210774762915933e-02
9.688093300786547735e-01,-3.192455418104385434e-02
9.698942229454841080e-01,-3.246700061445856322e-02
9.709791158123135535e-01,-3.328067026458060573e-02
9.720640086791428880e-01,-3.382311669799531462e-02
9.731489015459723335e-01,-3.436556313141000962e-02
9.742337944128017790e-01,-3.490800956482471851e-02
9.753186872796311135e-01,-3.561318992826383034e-02
9.764035801464605591e-01,-3.626412564836146990e-02
9.774884730132898936e-01,-3.680657208177616491e-02
9.785733658801193391e-01,-3.734901851519085991e-02
9.796582587469487846e-01,-3.805419887862998563e-02
9.807431516137781191e-01,-3.870513459872761131e-02
9.818280444806075646e-01,-3.924758103214232019e-02
9.829129373474368991e-01,-4.006125068226436270e-02
9.839978302142663447e-01,-4.060369711567907158e-02
9.850827230810957902e-01,-4.114614354909376659e-02
9.861676159479251247e-01,-4.185132391253287842e-02
9.872525088147545702e-01,-4.250225963263051798e-02
9.883374016815839047e-01,-4.331592928275256049e-02
9.894222945484133502e-01,-4.385837571616726938e-02
9.905071874152427958e-01,-4.440082214958196438e-02
9.915920802820721303e-01,-4.521449179970402077e-02
9.926769731489015758e-01,-4.575693823311871578e-02
9.937618660157309103e-01,-4.657060788324077216e-02
9.948467588825603558e-01,-4.711305431665546717e-02
9.959316517493898013e-01,-4.792672396677752356e-02
9.970165446162191358e-01,-4.846917040019221856e-02
9.981014374830485814e-01,-4.928284005031427495e-02
9.994575535665852772e-01,-5.063895613385102634e-02
1.000000000000000000e+00,-5.145262578397306885e-02
1.000000000000000000e+00,-5.253751865080247274e-02
9.989151071331705545e-01,-5.335118830092452913e-02
9.981014374830485814e-01,-5.324269901424158458e-02
9.970165446162191358e-01,-5.280874186750982024e-02
9.959316517493898013e-01,-5.226629543409512524e-02
9.945755356658529944e-01,-5.172384900068041635e-02
9.937618660157309103e-01,-5.172384900068041635e-02
9.921345267154868530e-01,-5.118140256726572135e-02
9.910496338486574075e-01,-5.063895613385102634e-02
9.899647409818280730e-01,-5.036773291714366496e-02
9.888798481149986275e-01,-4.982528648372896996e-02
9.877949552481692930e-01,-4.955406326702162245e-02
9.867100623813398474e-01,-4.917435076363133040e-02
9.856251695145104019e-01,-4.890312754692398289e-02
9.845402766476810674e-01,-4.846917040019221856e-02
9.834553837808516219e-01,-4.808945789680194038e-02
9.823704909140222874e-01,-4.781823468009457900e-02
9.807431516137781191e-01,-4.727578824667988400e-02
9.796582587469487846e-01,-4.684183109994811967e-02
9.785733658801193391e-01,-4.657060788324077216e-02
9.774884730132898936e-01,-4.629938466653342466e-02
9.764035801464605591e-01,-4.575693823311871578e-02
9.753186872796311135e-01,-4.548571501641136827e-02
9.742337944128017790e-01,-4.521449179970402077e-02
9.731489015459723335e-01,-4.494326858299667327e-02
9.720640086791428880e-01,-4.440082214958196438e-02
9.707078925956061921e-01,-4.412959893287461688e-02
9.698942229454841080e-01,-4.385837571616726938e-02
9.688093300786547735e-01,-4.358715249945992187e-02
9.677244372118253279e-01,-4.304470606604521299e-02
9.666395443449958824e-01,-4.293621677936228231e-02
9.655546514781665479e-01,-4.250225963263051798e-02
9.644697586113371024e-01,-4.223103641592317048e-02
9.633848657445077679e-01,-4.195981319921582298e-02
9.622999728776783224e-01,-4.141736676580111409e-02
9.612150800108488768e-01,-4.130887747911818342e-02
9.601301871440195423e-01,-4.087492033238641909e-02
9.590452942771900968e-01,-4.060369711567907158e-02
9.579604014103607623e-01,-4.033247389897171020e-02
9.568755085435313168e-01,-4.006125068226436270e-02
9.557906156767018713e-01,-3.979002746555701520e-02
9.547057228098725368e-01,-3.924758103214232019e-02
9.536208299430430912e-01,-3.913909174545937564e-02
9.525359370762137567e-01,-3.870513459872761131e-02
9.514510442093843112e-01,-3.843391138202026380e-02
9.503661513425549767e-01,-3.816268816531291630e-02
9.492812584757255312e-01,-3.778297566192262424e-02
9.481963656088960857e-01,-3.762024173189820742e-02
9.471114727420667512e-01,-3.707779529848351241e-02
9.460265798752373057e-01,-3.707779529848351241e-02
9.449416870084079711e-01,-3.653534886506881740e-02
9.438567941415785256e-01,-3.642685957838587285e-02
9.427719012747490801e-01,-3.599290243165410852e-02
9.416870084079197456e-01,-3.572167921494676102e-02
9.406021155410903001e-01,-3.545045599823941351e-02
9.395172226742609656e-01,-3.517923278153206601e-02
9.384323298074315201e-01,-3.490800956482471851e-02
9.373474369406020745e-01,-3.436556313141000962e-02
9.362625440737727400e-01,-3.436556313141000962e-02
9.351776512069432945e-01,-3.398585062801973145e-02
9.340927583401139600e-01,-3.382311669799531462e-02
9.330078654732845145e-01,-3.328067026458060573e-02
9.319229726064550690e-01,-3.328067026458060573e-02
9.308380797396257345e-01,-3.273822383116591073e-02
9.297531868727962889e-01,-3.273822383116591073e-02
9.286682940059669544e-01,-3.219577739775121572e-02
9.275834011391375089e-01,-3.208728811106827117e-02
9.264985082723080634e-01,-3.165333096433650684e-02
9.254136154054787289e-01,-3.154484167765357616e-02
9.243287225386492834e-01,-3.111088453092181183e-02
9.232438296718199489e-01,-3.100239524423888116e-02
9.221589368049905033e-01,-3.056843809750710295e-02
9.205315975047464461e-01,-3.002599166409240794e-02
9.194467046379170005e-01,-3.002599166409240794e-02
9.183618117710875550e-01,-2.948354523067771293e-02
9.172769189042582205e-01,-2.948354523067771293e-02
9.161920260374287750e-01,-2.894109879726300405e-02
9.151071331705994405e-01,-2.894109879726300405e-02
9.140222403037699950e-01,-2.839865236384830904e-02
9.129373474369405494e-01,-2.839865236384830904e-02
9.118524545701112149e-01,-2.785620593043361404e-02
9.107675617032817694e-01,-2.785620593043361404e-02
9.096826688364524349e-01,-2.747649342704332198e-02
9.085977759696229894e-01,-2.731375949701890515e-02
9.075128831027935439e-01,-2.693404699362862698e-02
9.064279902359642094e-01,-2.677131306360421015e-02
9.053430973691347639e-01,-2.650008984689686264e-02
9.042582045023054294e-01,-2.622886663018950126e-02
9.031733116354759838e-01,-2.622886663018950126e-02
9.020884187686466493e-01,-2.568642019677480626e-02
9.010035259018172038e-01,-2.568642019677480626e-02
8.996474098182803969e-01,-2.568642019677480626e-02
8.982912937347437010e-01,-2.514397376336011125e-02
8.972064008679142555e-01,-2.514397376336011125e-02
8.961215080010849210e-01,-2.514397376336011125e-02
8.950366151342554755e-01,-2.514397376336011125e-02
8.939517222674261410e-01,-2.514397376336011125e-02
8.928668294005966954e-01,-2.514397376336011125e-02
8.906970436669379154e-01,-2.460152732994540237e-02
8.896121508001084699e-01,-2.460152732994540237e-02
8.885272579332791354e-01,-2.460152732994540237e-02
8.874423650664496899e-01,-2.460152732994540237e-02
8.863574721996202443e-01,-2.460152732994540237e-02
8.852725793327909098e-01,-2.460152732994540237e-02
8.841876864659614643e-01,-2.460152732994540237e-02
8.831027935991321298e-01,-2.460152732994540237e-02
8.820179007323026843e-01,-2.460152732994540237e-02
8.795768917819365429e-01,-2.405908089653070736e-02
8.787632221318144587e-01,-2.405908089653070736e-02
8.776783292649851242e-01,-2.405908089653070736e-02
8.765934363981556787e-01,-2.405908089653070736e-02
8.755085435313262332e-01,-2.405908089653070736e-02
8.744236506644968987e-01,-2.405908089653070736e-02
8.733387577976674532e-01,-2.405908089653070736e-02
8.722538649308381187e-01,-2.405908089653070736e-02
8.711689720640086732e-01,-2.405908089653070736e-02
8.700840791971792276e-01,-2.405908089653070736e-02
8.662869541632763903e-01,-2.351663446311601235e-02
8.652020612964469448e-01,-2.351663446311601235e-02
8.641171684296176103e-01,-2.351663446311601235e-02
8.630322755627881648e-01,-2.351663446311601235e-02
8.619473826959587193e-01,-2.351663446311601235e-02
8.608624898291293848e-01,-2.351663446311601235e-02
8.597775969622999392e-01,-2.351663446311601235e-02
8.586927040954706047e-01,-2.351663446311601235e-02
8.570653647952264365e-01,-2.351663446311601235e-02
8.559804719283971020e-01,-2.351663446311601235e-02
8.548955790615676564e-01,-2.351663446311601235e-02
8.519121236777867923e-01,-2.297418802970130347e-02
8.510984540276648191e-01,-2.297418802970130347e-02
8.500135611608353736e-01,-2.297418802970130347e-02
8.489286682940059281e-01,-2.297418802970130347e-02
8.478437754271765936e-01,-2.297418802970130347e-02
8.467588825603471481e-01,-2.297418802970130347e-02
8.456739896935178136e-01,-2.297418802970130347e-02
8.445890968266883680e-01,-2.297418802970130347e-02
8.435042039598589225e-01,-2.297418802970130347e-02
8.424193110930295880e-01,-2.297418802970130347e-02
8.413344182262001425e-01,-2.297418802970130347e-02
8.402495253593708080e-01,-2.297418802970130347e-02
8.391646324925413625e-01,-2.297418802970130347e-02
8.380797396257119170e-01,-2.297418802970130347e-02
8.369948467588825824e-01,-2.297418802970130347e-02
8.323840520748576610e-01,-2.243174159628660846e-02
8.315703824247355769e-01,-2.243174159628660846e-02
8.304854895579061314e-01,-2.243174159628660846e-02
8.294005966910767969e-01,-2.243174159628660846e-02
8.283157038242473513e-01,-2.243174159628660846e-02
8.272308109574179058e-01,-2.243174159628660846e-02
8.261459180905885713e-01,-2.243174159628660846e-02
8.250610252237591258e-01,-2.243174159628660846e-02
8.239761323569297913e-01,-2.243174159628660846e-02
8.228912394901003458e-01,-2.243174159628660846e-02
8.218063466232709002e-01,-2.243174159628660846e-02
8.207214537564415657e-01,-2.243174159628660846e-02
8.196365608896121202e-01,-2.243174159628660846e-02
8.185516680227827857e-01,-2.243174159628660846e-02
8.174667751559533402e-01,-2.243174159628660846e-02
8.163818822891238947e-01,-2.243174159628660846e-02
8.152969894222945602e-01,-2.243174159628660846e-02
8.142120965554651146e-01,-2.243174159628660846e-02
8.131272036886357801e-01,-2.243174159628660846e-02
8.120423108218063346e-01,-2.243174159628660846e-02
8.109574179549770001e-01,-2.243174159628660846e-02
8.098725250881475546e-01,-2.243174159628660846e-02
8.087876322213181091e-01,-2.243174159628660846e-02
8.006509357200976007e-01,-2.188929516287189958e-02
7.995660428532682662e-01,-2.188929516287189958e-02
7.984811499864388207e-01,-2.188929516287189958e-02
7.973962571196094862e-01,-2.188929516287189958e-02
7.963113642527800407e-01,-2.188929516287189958e-02
7.952264713859505951e-01,-2.188929516287189958e-02
7.941415785191212606e-01,-2.188929516287189958e-02
7.930566856522918151e-01,-2.188929516287189958e-02
7.919717927854624806e-01,-2.188929516287189958e-02
7.908868999186330351e-01,-2.188929516287189958e-02
7.898020070518035896e-01,-2.188929516287189958e-02
7.887171141849742551e-01,-2.188929516287189958e-02
7.876322213181448095e-01,-2.188929516287189958e-02
7.865473284513154750e-01,-2.188929516287189958e-02
7.854624355844860295e-01,-2.188929516287189958e-02
7.843775427176565840e-01,-2.188929516287189958e-02
7.832926498508272495e-01,-2.188929516287189958e-02
7.822077569839978040e-01,-2.188929516287189958e-02
7.811228641171684695e-01,-2.188929516287189958e-02
7.800379712503390239e-01,-2.188929516287189958e-02
7.789530783835095784e-01,-2.188929516287189958e-02
7.778681855166802439e-01,-2.188929516287189958e-02
7.767832926498507984e-01,-2.188929516287189958e-02
7.756983997830214639e-01,-2.188929516287189958e-02
7.746135069161920184e-01,-2.188929516287189958e-02
7.735286140493625728e-01,-2.188929516287189958e-02
7.724437211825332383e-01,-2.188929516287189958e-02
7.713588283157037928e-01,-2.188929516287189958e-02
7.702739354488744583e-01,-2.188929516287189958e-02
7.691890425820450128e-01,-2.188929516287189958e-02
7.681041497152155673e-01,-2.188929516287189958e-02
7.670192568483862328e-01,-2.188929516287189958e-02
7.659343639815567872e-01,-2.188929516287189958e-02
7.648494711147274527e-01,-2.188929516287189958e-02
7.637645782478980072e-01,-2.188929516287189958e-02
7.626796853810686727e-01,-2.188929516287189958e-02
7.615947925142392272e-01,-2.188929516287189958e-02
7.605098996474097817e-01,-2.188929516287189958e-02
7.594250067805804472e-01,-2.188929516287189958e-02
7.583401139137510016e-01,-2.188929516287189958e-02
7.572552210469216671e-01,-2.188929516287189958e-02
7.561703281800922216e-01,-2.188929516287189958e-02
7.550854353132627761e-01,-2.188929516287189958e-02
7.540005424464334416e-01,-2.188929516287189958e-02
7.529156495796039961e-01,-2.188929516287189958e-02
7.518307567127746616e-01,-2.188929516287189958e-02
7.507458638459452160e-01,-2.188929516287189958e-02
7.496609709791157705e-01,-2.188929516287189958e-02
7.485760781122864360e-01,-2.188929516287189958e-02
7.474911852454569905e-01,-2.188929516287189958e-02
7.464062923786276560e-01,-2.188929516287189958e-02
7.453213995117982105e-01,-2.188929516287189958e-02
7.442365066449687649e-01,-2.188929516287189958e-02
7.431516137781394304e-01,-2.188929516287189958e-02
7.420667209113099849e-01,-2.188929516287189958e-02
7.409818280444806504e-01,-2.188929516287189958e-02
7.398969351776512049e-01,-2.188929516287189958e-02
7.388120423108217594e-01,-2.188929516287189958e-02
7.377271494439924249e-01,-2.188929516287189958e-02
7.366422565771629793e-01,-2.188929516287189958e-02
7.355573637103336448e-01,-2.188929516287189958e-02
7.260645511255763296e-01,-2.243174159628660846e-02
7.252508814754542454e-01,-2.243174159628660846e-02
7.241659886086249109e-01,-2.243174159628660846e-02
7.230810957417954654e-01,-2.243174159628660846e-02
7.219962028749661309e-01,-2.243174159628660846e-02
7.209113100081366854e-01,-2.243174159628660846e-02
7.198264171413073509e-01,-2.243174159628660846e-02
7.187415242744779054e-01,-2.243174159628660846e-02
7.176566314076484598e-01,-2.243174159628660846e-02
7.165717385408191253e-01,-2.243174159628660846e-02
7.154868456739896798e-01,-2.243174159628660846e-02
7.144019528071603453e-01,-2.243174159628660846e-02
7.133170599403308998e-01,-2.243174159628660846e-02
7.122321670735014543e-01,-2.243174159628660846e-02
7.111472742066721198e-01,-2.243174159628660846e-02
7.100623813398426742e-01,-2.243174159628660846e-02
7.089774884730133397e-01,-2.243174159628660846e-02
7.078925956061838942e-01,-2.243174159628660846e-02
7.068077027393544487e-01,-2.243174159628660846e-02
7.057228098725251142e-01,-2.243174159628660846e-02
7.046379170056956687e-01,-2.243174159628660846e-02
7.035530241388663342e-01,-2.243174159628660846e-02
7.024681312720368886e-01,-2.243174159628660846e-02
7.013832384052074431e-01,-2.243174159628660846e-02
7.002983455383781086e-01,-2.243174159628660846e-02
6.937889883374016575e-01,-2.297418802970130347e-02
6.927040954705723230e-01,-2.297418802970130347e-02
6.916192026037428775e-01,-2.297418802970130347e-02
6.905343097369134320e-01,-2.297418802970130347e-02
6.894494168700840975e-01,-2.297418802970130347e-02
6.883645240032546520e-01,-2.297418802970130347e-02
6.872796311364253175e-01,-2.297418802970130347e-02
6.861947382695958719e-01,-2.297418802970130347e-02
6.851098454027664264e-01,-2.297418802970130347e-02
6.840249525359370919e-01,-2.297418802970130347e-02
6.829400596691076464e-01,-2.297418802970130347e-02
6.818551668022783119e-01,-2.297418802970130347e-02
6.807702739354488664e-01,-2.297418802970130347e-02
6.796853810686194208e-01,-2.297418802970130347e-02
6.786004882017900863e-01,-2.297418802970130347e-02
6.775155953349606408e-01,-2.297418802970130347e-02
6.764307024681313063e-01,-2.297418802970130347e-02
6.712774613506916621e-01,-2.351663446311601235e-02
6.704637917005695780e-01,-2.351663446311601235e-02
6.693788988337401324e-01,-2.351663446311601235e-02
6.682940059669107979e-01,-2.351663446311601235e-02
6.672091131000813524e-01,-2.351663446311601235e-02
6.661242202332520179e-01,-2.351663446311601235e-02
6.650393273664225724e-01,-2.351663446311601235e-02
6.639544344995931269e-01,-2.351663446311601235e-02
6.628695416327637924e-01,-2.351663446311601235e-02
6.617846487659343468e-01,-2.351663446311601235e-02
6.606997558991050123e-01,-2.351663446311601235e-02
6.596148630322755668e-01,-2.351663446311601235e-02
6.585299701654461213e-01,-2.351663446311601235e-02
6.574450772986167868e-01,-2.351663446311601235e-02
6.520206129644697812e-01,-2.405908089653070736e-02
6.503932736642256129e-01,-2.405908089653070736e-02
6.493083807973962784e-01,-2.405908089653070736e-02
6.482234879305668329e-01,-2.405908089653070736e-02
6.471385950637374984e-01,-2.405908089653070736e-02
6.460537021969080529e-01,-2.405908089653070736e-02
6.449688093300786074e-01,-2.405908089653070736e-02
6.438839164632492729e-01,-2.405908089653070736e-02
6.427990235964198273e-01,-2.405908089653070736e-02
6.417141307295904928e-01,-2.405908089653070736e-02
6.406292378627610473e-01,-2.405908089653070736e-02
6.357472199620287645e-01,-2.460152732994540237e-02
6.343911038784919576e-01,-2.460152732994540237e-02
6.335774342283699845e-01,-2.460152732994540237e-02
6.324925413615405390e-01,-2.460152732994540237e-02
6.314076484947110934e-01,-2.460152732994540237e-02
6.303227556278817589e-01,-2.460152732994540237e-02
6.292378627610523134e-01,-2.460152732994540237e-02
6.281529698942229789e-01,-2.460152732994540237e-02
6.270680770273935334e-01,-2.460152732994540237e-02
6.259831841605641989e-01,-2.460152732994540237e-02
6.248982912937347534e-01,-2.460152732994540237e-02
6.211011662598318050e-01,-2.514397376336011125e-02
6.200162733930024705e-01,-2.514397376336011125e-02
6.189313805261730250e-01,-2.514397376336011125e-02
6.178464876593436905e-01,-2.514397376336011125e-02
6.167615947925142450e-01,-2.514397376336011125e-02
6.156767019256847995e-01,-2.514397376336011125e-02
6.145918090588554650e-01,-2.514397376336011125e-02
6.135069161920260195e-01,-2.514397376336011125e-02
6.124220233251966850e-01,-2.514397376336011125e-02
6.113371304583672394e-01,-2.514397376336011125e-02
6.075400054244642911e-01,-2.568642019677480626e-02
6.064551125576349566e-01,-2.568642019677480626e-02
6.053702196908055111e-01,-2.568642019677480626e-02
6.042853268239761766e-01,-2.568642019677480626e-02
6.032004339571467311e-01,-2.568642019677480626e-02
6.021155410903172855e-01,-2.568642019677480626e-02
6.010306482234879510e-01,-2.568642019677480626e-02
5.999457553566585055e-01,-2.568642019677480626e-02
5.988608624898291710e-01,-2.568642019677480626e-02
5.950637374559262227e-01,-2.622886663018950126e-02
5.939788445890967772e-01,-2.622886663018950126e-02
5.928939517222674427e-01,-2.622886663018950126e-02
5.918090588554379972e-01,-2.622886663018950126e-02
5.907241659886086627e-01,-2.622886663018950126e-02
5.896392731217792171e-01,-2.622886663018950126e-02
5.885543802549497716e-01,-2.622886663018950126e-02
5.874694873881204371e-01,-2.622886663018950126e-02
5.836723623542174888e-01,-2.677131306360421015e-02
5.825874694873881543e-01,-2.677131306360421015e-02
5.815025766205587088e-01,-2.677131306360421015e-02
5.804176837537293743e-01,-2.677131306360421015e-02
5.793327908868999288e-01,-2.677131306360421015e-02
5.782478980200704832e-01,-2.677131306360421015e-02
5.771630051532411487e-01,-2.677131306360421015e-02
5.760781122864117032e-01,-2.677131306360421015e-02
5.722809872525088659e-01,-2.731375949701890515e-02
5.711960943856794204e-01,-2.731375949701890515e-02
5.701112015188499749e-01,-2.731375949701890515e-02
5.690263086520206404e-01,-2.731375949701890515e-02
5.679414157851911948e-01,-2.731375949701890515e-02
5.668565229183618603e-01,-2.731375949701890515e-02
5.657716300515324148e-01,-2.731375949701890515e-02
5.641442907512883576e-01,-2.731375949701890515e-02
5.608896121508001320e-01,-2.785620593043361404e-02
5.598047192839706865e-01,-2.785620593043361404e-02
5.587198264171413520e-01,-2.785620593043361404e-02
5.576349335503119065e-01,-2.785620593043361404e-02
5.565500406834824609e-01,-2.785620593043361404e-02
5.554651478166531264e-01,-2.785620593043361404e-02
5.543802549498236809e-01,-2.785620593043361404e-02
5.508543531326282050e-01,-2.839865236384830904e-02
5.500406834825061209e-01,-2.839865236384830904e-02
5.489557906156766753e-01,-2.839865236384830904e-02
5.478708977488473408e-01,-2.839865236384830904e-02
5.467860048820178953e-01,-2.839865236384830904e-02
5.457011120151884498e-01,-2.839865236384830904e-02
5.446162191483591153e-01,-2.839865236384830904e-02
5.429888798481149470e-01,-2.839865236384830904e-02
5.405478708977488056e-01,-2.894109879726300405e-02
5.397342012476268325e-01,-2.894109879726300405e-02
5.386493083807973870e-01,-2.894109879726300405e-02
5.375644155139679414e-01,-2.894109879726300405e-02
5.364795226471386069e-01,-2.894109879726300405e-02
5.353946297803091614e-01,-2.894109879726300405e-02
5.343097369134798269e-01,-2.894109879726300405e-02
5.332248440466503814e-01,-2.894109879726300405e-02
5.296989422294547945e-01,-2.948354523067771293e-02
5.288852725793328213e-01,-2.948354523067771293e-02
5.278003797125033758e-01,-2.948354523067771293e-02
5.267154868456740413e-01,-2.948354523067771293e-02
5.256305939788445958e-01,-2.948354523067771293e-02
5.245457011120151503e-01,-2.948354523067771293e-02
5.234608082451858158e-01,-2.948354523067771293e-02
5.223759153783563702e-01,-2.948354523067771293e-02
5.193924599945755061e-01,-3.002599166409240794e-02
5.185787903444535329e-01,-3.002599166409240794e-02
5.174938974776240874e-01,-3.002599166409240794e-02
5.164090046107946419e-01,-3.002599166409240794e-02
5.153241117439653074e-01,-3.002599166409240794e-02
5.142392188771358619e-01,-3.002599166409240794e-02
5.131543260103065274e-01,-3.002599166409240794e-02
5.120694331434770818e-01,-3.002599166409240794e-02
5.085435313262814949e-01,-3.056843809750710295e-02
5.077298616761595218e-01,-3.056843809750710295e-02
5.066449688093300763e-01,-3.056843809750710295e-02
5.055600759425006308e-01,-3.056843809750710295e-02
5.044751830756712963e-01,-3.056843809750710295e-02
5.033902902088418507e-01,-3.056843809750710295e-02
5.023053973420125162e-01,-3.056843809750710295e-02
4.990507187415242907e-01,-3.111088453092181183e-02
4.976946026579875393e-01,-3.111088453092181183e-02
4.968809330078654551e-01,-3.111088453092181183e-02
4.957960401410360651e-01,-3.111088453092181183e-02
4.947111472742066751e-01,-3.111088453092181183e-02
4.936262544073772851e-01,-3.111088453092181183e-02
4.925413615405478951e-01,-3.111088453092181183e-02
4.914564686737184496e-01,-3.111088453092181183e-02
4.890154597233523082e-01,-3.165333096433650684e-02
4.876593436398155568e-01,-3.165333096433650684e-02
4.865744507729861668e-01,-3.165333096433650684e-02
4.854895579061567767e-01,-3.165333096433650684e-02
4.844046650393273867e-01,-3.165333096433650684e-02
4.833197721724979412e-01,-3.165333096433650684e-02
4.822348793056685512e-01,-3.165333096433650684e-02
4.811499864388391612e-01,-3.165333096433650684e-02
4.787089774884730198e-01,-3.219577739775121572e-02
4.778953078383509356e-01,-3.219577739775121572e-02
4.768104149715215456e-01,-3.219577739775121572e-02
4.757255221046921556e-01,-3.219577739775121572e-02
4.746406292378627656e-01,-3.219577739775121572e-02
4.735557363710333756e-01,-3.219577739775121572e-02
4.724708435042039856e-01,-3.219577739775121572e-02
4.713859506373745401e-01,-3.219577739775121572e-02
4.681312720368863700e-01,-3.273822383116591073e-02
4.670463791700569800e-01,-3.273822383116591073e-02
4.659614863032275345e-01,-3.273822383116591073e-02
4.648765934363981445e-01,-3.273822383116591073e-02
4.637917005695687545e-01,-3.273822383116591073e-02
4.627068077027393644e-01,-3.273822383116591073e-02
4.616219148359099744e-01,-3.273822383116591073e-02
4.578247898020070261e-01,-3.328067026458060573e-02
4.567398969351776361e-01,-3.328067026458060573e-02
4.556550040683482461e-01,-3.328067026458060573e-02
4.545701112015188561e-01,-3.328067026458060573e-02
4.534852183346894661e-01,-3.328067026458060573e-02
4.524003254678600761e-01,-3.328067026458060573e-02
4.513154326010306305e-01,-3.328067026458060573e-02
4.469758611337130705e-01,-3.382311669799531462e-02
4.458909682668836250e-01,-3.382311669799531462e-02
4.448060754000542349e-01,-3.382311669799531462e-02
4.437211825332248449e-01,-3.382311669799531462e-02
4.426362896663954549e-01,-3.382311669799531462e-02
4.415513967995660649e-01,-3.382311669799531462e-02
4.404665039327366194e-01,-3.382311669799531462e-02
4.374830485489558107e-01,-3.436556313141000962e-02
4.366693788988337266e-01,-3.436556313141000962e-02
4.355844860320043366e-01,-3.436556313141000962e-02
4.344995931651749466e-01,-3.436556313141000962e-02
4.334147002983455566e-01,-3.436556313141000962e-02
4.323298074315161110e-01,-3.436556313141000962e-02
4.312449145646867210e-01,-3.436556313141000962e-02
4.301600216978573310e-01,-3.436556313141000962e-02
4.271765663140764668e-01,-3.490800956482471851e-02
4.263628966639544382e-01,-3.490800956482471851e-02
4.252780037971250482e-01,-3.490800956482471851e-02
4.241931109302956582e-01,-3.490800956482471851e-02
4.231082180634662127e-01,-3.490800956482471851e-02
4.220233251966368226e-01,-3.490800956482471851e-02
4.209384323298074326e-01,-3.490800956482471851e-02
4.198535394629780426e-01,-3.490800956482471851e-02
4.171413072959045398e-01,-3.545045599823941351e-02
4.160564144290751498e-01,-3.545045599823941351e-02
4.149715215622457043e-01,-3.545045599823941351e-02
4.138866286954163143e-01,-3.545045599823941351e-02
4.128017358285869243e-01,-3.545045599823941351e-02
4.117168429617575343e-01,-3.545045599823941351e-02
4.106319500949281442e-01,-3.545045599823941351e-02
4.092758340113913929e-01,-3.545045599823941351e-02
4.068348250610252514e-01,-3.599290243165410852e-02
4.057499321941958059e-01,-3.599290243165410852e-02
4.046650393273664159e-01,-3.599290243165410852e-02
4.035801464605370259e-01,-3.599290243165410852e-02
4.024952535937076359e-01,-3.599290243165410852e-02
4.014103607268782459e-01,-3.599290243165410852e-02
4.003254678600488004e-01,-3.599290243165410852e-02
3.992405749932194103e-01,-3.599290243165410852e-02
3.959858963927312403e-01,-3.653534886506881740e-02
3.949010035259017948e-01,-3.653534886506881740e-02
3.938161106590724048e-01,-3.653534886506881740e-02
3.927312177922430148e-01,-3.653534886506881740e-02
3.916463249254136247e-01,-3.653534886506881740e-02
3.905614320585842347e-01,-3.653534886506881740e-02
3.894765391917547892e-01,-3.653534886506881740e-02
3.862218605912666192e-01,-3.707779529848351241e-02
3.851369677244372292e-01,-3.707779529848351241e-02
3.840520748576077836e-01,-3.707779529848351241e-02
3.829671819907783936e-01,-3.707779529848351241e-02
3.818822891239490036e-01,-3.707779529848351241e-02
3.807973962571196136e-01,-3.707779529848351241e-02
3.797125033902902236e-01,-3.707779529848351241e-02
3.786276105234608336e-01,-3.707779529848351241e-02
3.761866015730946367e-01,-3.762024173189820742e-02
3.753729319229726080e-01,-3.762024173189820742e-02
3.742880390561432180e-01,-3.762024173189820742e-02
3.732031461893138280e-01,-3.762024173189820742e-02
3.721182533224843825e-01,-3.762024173189820742e-02
3.710333604556549925e-01,-3.762024173189820742e-02
3.699484675888256024e-01,-3.762024173189820742e-02
3.688635747219962124e-01,-3.762024173189820742e-02
3.664225657716300710e-01,-3.816268816531291630e-02
3.656088961215079869e-01,-3.816268816531291630e-02
3.645240032546785969e-01,-3.816268816531291630e-02
3.634391103878492069e-01,-3.816268816531291630e-02
3.623542175210198169e-01,-3.816268816531291630e-02
3.612693246541903713e-01,-3.816268816531291630e-02
3.601844317873609813e-01,-3.816268816531291630e-02
3.590995389205315913e-01,-3.816268816531291630e-02
3.561160835367507271e-01,-3.870513459872761131e-02
3.553024138866286985e-01,-3.870513459872761131e-02
3.542175210197993085e-01,-3.870513459872761131e-02
3.531326281529699185e-01,-3.870513459872761131e-02
3.520477352861404730e-01,-3.870513459872761131e-02
3.509628424193110829e-01,-3.870513459872761131e-02
3.498779495524816929e-01,-3.870513459872761131e-02
3.487930566856523029e-01,-3.870513459872761131e-02
3.463520477352861615e-01,-3.924758103214232019e-02
3.455383780851640774e-01,-3.924758103214232019e-02
3.444534852183346874e-01,-3.924758103214232019e-02
3.433685923515052973e-01,-3.924758103214232019e-02
3.422836994846759073e-01,-3.924758103214232019e-02
3.411988066178464618e-01,-3.924758103214232019e-02
3.401139137510170718e-01,-3.924758103214232019e-02
3.390290208841876818e-01,-3.924758103214232019e-02
3.365880119338215404e-01,-3.979002746555701520e-02
3.357743422836995117e-01,-3.979002746555701520e-02
3.346894494168700662e-01,-3.979002746555701520e-02
3.336045565500406762e-01,-3.979002746555701520e-02
3.325196636832112862e-01,-3.979002746555701520e-02
3.314347708163818962e-01,-3.979002746555701520e-02
3.303498779495525062e-01,-3.979002746555701520e-02
3.262815296989422520e-01,-4.033247389897171020e-02
3.254678600488201679e-01,-4.033247389897171020e-02
3.243829671819907778e-01,-4.033247389897171020e-02
3.232980743151613878e-01,-4.033247389897171020e-02
3.222131814483319978e-01,-4.033247389897171020e-02
3.211282885815025523e-01,-4.033247389897171020e-02
3.200433957146731623e-01,-4.033247389897171020e-02
3.176023867643070209e-01,-4.087492033238641909e-02
3.167887171141849922e-01,-4.087492033238641909e-02
3.157038242473555467e-01,-4.087492033238641909e-02
3.146189313805261567e-01,-4.087492033238641909e-02
3.135340385136967667e-01,-4.087492033238641909e-02
3.124491456468673767e-01,-4.087492033238641909e-02
3.113642527800379867e-01,-4.087492033238641909e-02
3.102793599132085967e-01,-4.087492033238641909e-02
3.075671277461350939e-01,-4.141736676580111409e-02
3.064822348793056483e-01,-4.141736676580111409e-02
3.053973420124762583e-01,-4.141736676580111409e-02
3.043124491456468683e-01,-4.141736676580111409e-02
3.032275562788174783e-01,-4.141736676580111409e-02
3.021426634119880883e-01,-4.141736676580111409e-02
3.010577705451586428e-01,-4.141736676580111409e-02
2.983455383780851400e-01,-4.195981319921582298e-02
2.972606455112557500e-01,-4.195981319921582298e-02
2.961757526444263600e-01,-4.195981319921582298e-02
2.950908597775969699e-01,-4.195981319921582298e-02
2.940059669107675799e-01,-4.195981319921582298e-02
2.929210740439381344e-01,-4.195981319921582298e-02
2.918361811771087444e-01,-4.195981319921582298e-02
2.888527257933279357e-01,-4.250225963263051798e-02
2.880390561432058516e-01,-4.250225963263051798e-02
2.869541632763764616e-01,-4.250225963263051798e-02
2.858692704095470716e-01,-4.250225963263051798e-02
2.847843775427176816e-01,-4.250225963263051798e-02
2.836994846758882360e-01,-4.250225963263051798e-02
2.826145918090588460e-01,-4.250225963263051798e-02
2.796311364252779819e-01,-4.304470606604521299e-02
2.788174667751559532e-01,-4.304470606604521299e-02
2.777325739083265632e-01,-4.304470606604521299e-02
2.766476810414971732e-01,-4.304470606604521299e-02
2.755627881746677277e-01,-4.304470606604521299e-02
2.744778953078383377e-01,-4.304470606604521299e-02
2.733930024410089477e-01,-4.304470606604521299e-02
2.704095470572280835e-01,-4.358715249945992187e-02
2.695958774071060549e-01,-4.358715249945992187e-02
2.685109845402766648e-01,-4.358715249945992187e-02
2.674260916734472748e-01,-4.358715249945992187e-02
2.663411988066178293e-01,-4.358715249945992187e-02
2.652563059397884393e-01,-4.358715249945992187e-02
2.641714130729590493e-01,-4.358715249945992187e-02
2.611879576891781851e-01,-4.412959893287461688e-02
2.603742880390561565e-01,-4.412959893287461688e-02
2.592893951722267665e-01,-4.412959893287461688e-02
2.582045023053973209e-01,-4.412959893287461688e-02
2.571196094385679309e-01,-4.412959893287461688e-02
2.560347165717385409e-01,-4.412959893287461688e-02
2.546786004882017895e-01,-4.412959893287461688e-02
2.525088147545430095e-01,-4.467204536628931189e-02
2.516951451044209254e-01,-4.467204536628931189e-02
2.506102522375915354e-01,-4.467204536628931189e-02
2.495253593707621453e-01,-4.467204536628931189e-02
2.484404665039327276e-01,-4.467204536628931189e-02
2.473555736371033376e-01,-4.467204536628931189e-02
2.462706807702739475e-01,-4.467204536628931189e-02
2.432872253864930834e-01,-4.521449179970402077e-02
2.424735557363710270e-01,-4.521449179970402077e-02
2.413886628695416370e-01,-4.521449179970402077e-02
2.403037700027122192e-01,-4.521449179970402077e-02
2.392188771358828292e-01,-4.521449179970402077e-02
2.381339842690534392e-01,-4.521449179970402077e-02
2.370490914022240214e-01,-4.521449179970402077e-02
2.340656360184431850e-01,-4.575693823311871578e-02
2.332519663683211286e-01,-4.575693823311871578e-02
2.321670735014917386e-01,-4.575693823311871578e-02
2.310821806346623208e-01,-4.575693823311871578e-02
2.299972877678329308e-01,-4.575693823311871578e-02
2.289123949010035131e-01,-4.575693823311871578e-02
2.278275020341741230e-01,-4.575693823311871578e-02
2.251152698671006203e-01,-4.629938466653342466e-02
2.234879305668565352e-01,-4.629938466653342466e-02
2.224030377000271175e-01,-4.629938466653342466e-02
2.213181448331977275e-01,-4.629938466653342466e-02
2.202332519663683097e-01,-4.629938466653342466e-02
2.191483590995389197e-01,-4.629938466653342466e-02
2.164361269324654169e-01,-4.684183109994811967e-02
2.153512340656360269e-01,-4.684183109994811967e-02
2.142663411988066091e-01,-4.684183109994811967e-02
2.131814483319772191e-01,-4.684183109994811967e-02
2.120965554651478291e-01,-4.684183109994811967e-02
2.110116625983184113e-01,-4.684183109994811967e-02
2.099267697314890213e-01,-4.684183109994811967e-02
2.069433143477081571e-01,-4.738427753336281467e-02
2.055871982641714057e-01,-4.738427753336281467e-02
2.045023053973420157e-01,-4.738427753336281467e-02
2.034174125305126257e-01,-4.738427753336281467e-02
2.023325196636832080e-01,-4.738427753336281467e-02
1.985353946297803152e-01,-4.792672396677752356e-02
1.974505017629508974e-01,-4.792672396677752356e-02
1.963656088961215074e-01,-4.792672396677752356e-02
1.952807160292921174e-01,-4.792672396677752356e-02
1.941958231624626996e-01,-4.792672396677752356e-02
1.931109302956333096e-01,-4.792672396677752356e-02
1.920260374288038918e-01,-4.792672396677752356e-02
1.895850284784377504e-01,-4.846917040019221856e-02
1.882289123949009990e-01,-4.846917040019221856e-02
1.871440195280716090e-01,-4.846917040019221856e-02
1.860591266612421912e-01,-4.846917040019221856e-02
1.849742337944128012e-01,-4.846917040019221856e-02
1.838893409275834112e-01,-4.846917040019221856e-02
1.809058855438025470e-01,-4.901161683360691357e-02
1.795497694602657957e-01,-4.901161683360691357e-02
1.784648765934364056e-01,-4.901161683360691357e-02
1.773799837266069879e-01,-4.901161683360691357e-02
1.762950908597775979e-01,-4.901161683360691357e-02
1.752101979929482078e-01,-4.901161683360691357e-02
1.741253051261187901e-01,-4.901161683360691357e-02
1.708706265256305923e-01,-4.955406326702162245e-02
1.697857336588012023e-01,-4.955406326702162245e-02
1.687008407919717845e-01,-4.955406326702162245e-02
1.676159479251423945e-01,-4.955406326702162245e-02
1.665310550583130045e-01,-4.955406326702162245e-02
1.654461621914835867e-01,-4.955406326702162245e-02
1.627339300244100839e-01,-5.009650970043631746e-02
1.616490371575806939e-01,-5.009650970043631746e-02
1.605641442907512761e-01,-5.009650970043631746e-02
1.594792514239218861e-01,-5.009650970043631746e-02
1.583943585570924961e-01,-5.009650970043631746e-02
1.573094656902630784e-01,-5.009650970043631746e-02
1.562245728234336883e-01,-5.009650970043631746e-02
1.532411174396528242e-01,-5.063895613385102634e-02
1.524274477895307955e-01,-5.063895613385102634e-02
1.513425549227013778e-01,-5.063895613385102634e-02
1.502576620558719878e-01,-5.063895613385102634e-02
1.491727691890425700e-01,-5.063895613385102634e-02
1.480878763222131800e-01,-5.063895613385102634e-02
1.470029834553837900e-01,-5.063895613385102634e-02
1.440195280716029258e-01,-5.118140256726572135e-02
1.432058584214808694e-01,-5.118140256726572135e-02
1.421209655546514794e-01,-5.118140256726572135e-02
1.410360726878220894e-01,-5.118140256726572135e-02
1.399511798209926716e-01,-5.118140256726572135e-02
1.388662869541632816e-01,-5.118140256726572135e-02
1.377813940873338638e-01,-5.118140256726572135e-02
1.353403851369677224e-01,-5.172384900068041635e-02
1.345267154868456660e-01,-5.172384900068041635e-02
1.334418226200162760e-01,-5.172384900068041635e-02
1.323569297531868860e-01,-5.172384900068041635e-02
1.312720368863574683e-01,-5.172384900068041635e-02
1.301871440195280782e-01,-5.172384900068041635e-02
1.291022511526986605e-01,-5.172384900068041635e-02
1.280173582858692705e-01,-5.172384900068041635e-02
1.255763493355031291e-01,-5.226629543409512524e-02
1.247626796853810727e-01,-5.226629543409512524e-02
1.236777868185516688e-01,-5.226629543409512524e-02
1.225928939517222649e-01,-5.226629543409512524e-02
1.215080010848928610e-01,-5.226629543409512524e-02
1.204231082180634710e-01,-5.226629543409512524e-02
1.193382153512340671e-01,-5.226629543409512524e-02
1.182533224844046632e-01,-5.226629543409512524e-02
1.149986438839164654e-01,-5.280874186750982024e-02
1.139137510170870615e-01,-5.280874186750982024e-02
1.128288581502576576e-01,-5.280874186750982024e-02
1.117439652834282676e-01,-5.280874186750982024e-02
1.106590724165988637e-01,-5.280874186750982024e-02
1.095741795497694598e-01,-5.280874186750982024e-02
1.084892866829400560e-01,-5.280874186750982024e-02
1.041497152156224543e-01,-5.335118830092452913e-02
1.030648223487930504e-01,-5.335118830092452913e-02
1.019799294819636604e-01,-5.335118830092452913e-02
1.008950366151342565e-01,-5.335118830092452913e-02
9.981014374830485258e-02,-5.335118830092452913e-02
9.872525088147544869e-02,-5.335118830092452913e-02
9.736913479793869730e-02,-5.335118830092452913e-02
9.384323298074315201e-02,-5.389363473433922413e-02
9.275834011391374812e-02,-5.389363473433922413e-02
9.167344724708434422e-02,-5.389363473433922413e-02
9.058855438025495421e-02,-5.389363473433922413e-02
8.950366151342555032e-02,-5.389363473433922413e-02
8.841876864659614643e-02,-5.389363473433922413e-02
8.733387577976674254e-02,-5.389363473433922413e-02
8.624898291293735253e-02,-5.389363473433922413e-02
8.516409004610794864e-02,-5.389363473433922413e-02
8.163818822891238947e-02,-5.443608116775391914e-02
8.082451857879034696e-02,-5.443608116775391914e-02
7.973962571196094307e-02,-5.443608116775391914e-02
7.865473284513153918e-02,-5.443608116775391914e-02
7.756983997830214916e-02,-5.443608116775391914e-02
7.648494711147274527e-02,-5.443608116775391914e-02
7.540005424464334138e-02,-5.443608116775391914e-02
7.431516137781393749e-02,-5.443608116775391914e-02
7.323026851098453360e-02,-5.443608116775391914e-02
7.214537564415514359e-02,-5.443608116775391914e-02
7.106048277732573970e-02,-5.443608116775391914e-02
6.970436669378898831e-02,-5.443608116775391914e-02
6.509357200976403912e-02,-5.497852760116862803e-02
6.400867914293463523e-02,-5.497852760116862803e-02
6.292378627610523134e-02,-5.497852760116862803e-02
6.183889340927583439e-02,-5.497852760116862803e-02
6.075400054244643050e-02,-5.497852760116862803e-02
5.966910767561703355e-02,-5.497852760116862803e-02
5.858421480878762966e-02,-5.497852760116862803e-02
5.749932194195823271e-02,-5.497852760116862803e-02
5.641442907512882882e-02,-5.497852760116862803e-02
5.532953620829943187e-02,-5.497852760116862803e-02
5.424464334147002798e-02,-5.497852760116862803e-02
5.315975047464063102e-02,-5.497852760116862803e-02
5.207485760781122713e-02,-5.497852760116862803e-02
5.098996474098183018e-02,-5.497852760116862803e-02
4.990507187415242629e-02,-5.497852760116862803e-02
4.882017900732302934e-02,-5.497852760116862803e-02
4.773528614049362545e-02,-5.497852760116862803e-02
4.665039327366422850e-02,-5.497852760116862803e-02
4.556550040683482461e-02,-5.497852760116862803e-02
4.448060754000542766e-02,-5.497852760116862803e-02
4.339571467317602377e-02,-5.497852760116862803e-02
4.231082180634661988e-02,-5.497852760116862803e-02
4.122592893951722293e-02,-5.497852760116862803e-02
4.014103607268781904e-02,-5.497852760116862803e-02
3.905614320585842208e-02,-5.497852760116862803e-02
3.797125033902901819e-02,-5.497852760116862803e-02
3.525901817195552235e-02,-5.443608116775391914e-02
3.363167887171141651e-02,-5.443608116775391914e-02
3.254678600488201956e-02,-5.443608116775391914e-02
3.146189313805261567e-02,-5.443608116775391914e-02
3.037700027122321525e-02,-5.443608116775391914e-02
2.929210740439381483e-02,-5.443608116775391914e-02
2.793599132085706691e-02,-5.443608116775391914e-02
2.657987523732031551e-02,-5.389363473433922413e-02
2.549498237049091509e-02,-5.389363473433922413e-02
2.441008950366151467e-02,-5.389363473433922413e-02
2.332519663683211425e-02,-5.389363473433922413e-02
2.169785733658801188e-02,-5.335118830092452913e-02
2.061296446975861146e-02,-5.335118830092452913e-02
1.952807160292921104e-02,-5.335118830092452913e-02
1.844317873609981062e-02,-5.280874186750982024e-02
1.735828586927041020e-02,-5.280874186750982024e-02
1.627339300244100978e-02,-5.253751865080247274e-02
1.518850013561160762e-02,-5.226629543409512524e-02
1.410360726878220720e-02,-5.226629543409512524e-02
1.301871440195280678e-02,-5.172384900068041635e-02
1.193382153512340636e-02,-5.172384900068041635e-02
1.084892866829400594e-02,-5.134413649729013818e-02
9.764035801464605521e-03,-5.118140256726572135e-02
8.679142934635205101e-03,-5.063895613385102634e-02
7.594250067805803812e-03,-5.036773291714366496e-02
6.509357200976403392e-03,-5.009650970043631746e-02
5.424464334147002971e-03,-4.955406326702162245e-02
4.339571467317602550e-03,-4.874039361689956606e-02
3.254678600488201696e-03,-4.819794718348487106e-02
2.169785733658801275e-03,-4.711305431665546717e-02
1.356116083536750743e-03,-4.575693823311871578e-02
2.712232167073501594e-04,-4.521449179970402077e-02
5.424464334147003188e-04,-4.467204536628931189e-02
2.712232167073501594e-04,-4.331592928275256049e-02
2.712232167073501594e-04,-4.223103641592317048e-02
