0.000000000000000000e+00,-4.230279043924996263e-02
2.712232167073501594e-04,-4.322494937605494969e-02
2.712232167073501594e-04,-4.430984224288435358e-02
2.712232167073501594e-04,-4.539473510971375747e-02
5.424464334147003188e-04,-4.647962797654314748e-02
1.193382153512340203e-03,-4.729329762666520387e-02
2.169785733658801275e-03,-4.864941371020195526e-02
3.254678600488201696e-03,-4.973430657703135915e-02
4.068348250610252445e-03,-5.054797622715340166e-02
5.424464334147002971e-03,-5.136164587727545805e-02
6.509357200976403392e-03,-5.163286909398280555e-02
7.594250067805803812e-03,-5.217531552739750056e-02
8.679142934635205101e-03,-5.244653874410486194e-02
9.764035801464605521e-03,-5.271776196081220944e-02
1.084892866829400594e-02,-5.326020839422690445e-02
1.193382153512340636e-02,-5.326020839422690445e-02
1.301871440195280678e-02,-5.369416554095866878e-02
1.410360726878220720e-02,-5.380265482764161333e-02
1.518850013561160762e-02,-5.407387804434896084e-02
1.627339300244100978e-02,-5.434510126105630834e-02
1.735828586927041020e-02,-5.434510126105630834e-02
1.817195551939245965e-02,-5.488754769447100335e-02
1.952807160292921104e-02,-5.488754769447100335e-02
2.061296446975861146e-02,-5.488754769447100335e-02
2.169785733658801188e-02,-5.515877091117835085e-02
2.332519663683211425e-02,-5.542999412788571223e-02
2.441008950366151467e-02,-5.542999412788571223e-02
2.549498237049091509e-02,-5.542999412788571223e-02
2.657987523732031551e-02,-5.597244056130040724e-02
2.766476810414971593e-02,-5.597244056130040724e-02
2.874966097097911635e-02,-5.597244056130040724e-02
2.983455383780851677e-02,-5.597244056130040724e-02
3.091944670463791719e-02,-5.597244056130040724e-02
3.200433957146731762e-02,-5.597244056130040724e-02
3.281800922158936706e-02,-5.597244056130040724e-02
3.471657173854082040e-02,-5.651488699471510224e-02
3.553024138866286985e-02,-5.651488699471510224e-02
3.688635747219962124e-02,-5.651488699471510224e-02
3.797125033902901819e-02,-5.651488699471510224e-02
3.905614320585842208e-02,-5.651488699471510224e-02
4.014103607268781904e-02,-5.651488699471510224e-02
4.122592893951722293e-02,-5.651488699471510224e-02
4.231082180634661988e-02,-5.651488699471510224e-02
4.339571467317602377e-02,-5.651488699471510224e-02
4.448060754000542766e-02,-5.651488699471510224e-02
4.556550040683482461e-02,-5.651488699471510224e-02
4.665039327366422850e-02,-5.651488699471510224e-02
4.773528614049362545e-02,-5.651488699471510224e-02
4.882017900732302934e-02,-5.651488699471510224e-02
4.990507187415242629e-02,-5.651488699471510224e-02
5.098996474098183018e-02,-5.651488699471510224e-02
5.207485760781122713e-02,-5.651488699471510224e-02
5.315975047464063102e-02,-5.651488699471510224e-02
5.424464334147002798e-02,-5.651488699471510224e-02
5.532953620829943187e-02,-5.651488699471510224e-02
5.641442907512882882e-02,-5.651488699471510224e-02
5.749932194195823271e-02,-5.651488699471510224e-02
5.858421480878762966e-02,-5.651488699471510224e-02
5.966910767561703355e-02,-5.651488699471510224e-02
6.075400054244643050e-02,-5.651488699471510224e-02
6.183889340927583439e-02,-5.651488699471510224e-02
6.292378627610523134e-02,-5.651488699471510224e-02
6.400867914293463523e-02,-5.651488699471510224e-02
6.482234879305669162e-02,-5.651488699471510224e-02
6.617846487659344301e-02,-5.651488699471510224e-02
6.726335774342283302e-02,-5.651488699471510224e-02
6.807702739354488941e-02,-5.651488699471510224e-02
7.268782207756983860e-02,-5.597244056130040724e-02
7.377271494439924249e-02,-5.597244056130040724e-02
7.485760781122864638e-02,-5.597244056130040724e-02
7.594250067805803639e-02,-5.597244056130040724e-02
7.702739354488744028e-02,-5.597244056130040724e-02
7.811228641171684417e-02,-5.597244056130040724e-02
7.919717927854624806e-02,-5.597244056130040724e-02
8.028207214537563807e-02,-5.597244056130040724e-02
8.136696501220504196e-02,-5.597244056130040724e-02
8.245185787903444585e-02,-5.597244056130040724e-02
8.326552752915650224e-02,-5.597244056130040724e-02
8.733387577976674254e-02,-5.542999412788571223e-02
8.841876864659614643e-02,-5.542999412788571223e-02
8.950366151342555032e-02,-5.542999412788571223e-02
9.058855438025495421e-02,-5.542999412788571223e-02
9.167344724708434422e-02,-5.542999412788571223e-02
9.275834011391374812e-02,-5.542999412788571223e-02
9.384323298074315201e-02,-5.542999412788571223e-02
9.492812584757255590e-02,-5.542999412788571223e-02
9.574179549769459840e-02,-5.542999412788571223e-02
9.926769731489015758e-02,-5.488754769447100335e-02
1.003525901817195615e-01,-5.488754769447100335e-02
1.014374830485489515e-01,-5.488754769447100335e-02
1.025223759153783554e-01,-5.488754769447100335e-02
1.036072687822077593e-01,-5.488754769447100335e-02
1.046921616490371632e-01,-5.488754769447100335e-02
1.057770545158665532e-01,-5.488754769447100335e-02
1.095741795497694598e-01,-5.434510126105630834e-02
1.106590724165988637e-01,-5.434510126105630834e-02
1.117439652834282676e-01,-5.434510126105630834e-02
1.128288581502576576e-01,-5.434510126105630834e-02
1.139137510170870615e-01,-5.434510126105630834e-02
1.149986438839164654e-01,-5.434510126105630834e-02
1.160835367507458693e-01,-5.434510126105630834e-02
1.168972064008679118e-01,-5.434510126105630834e-02
1.198806617846487621e-01,-5.380265482764161333e-02
1.209655546514781660e-01,-5.380265482764161333e-02
1.220504475183075699e-01,-5.380265482764161333e-02
1.231353403851369738e-01,-5.380265482764161333e-02
1.242202332519663638e-01,-5.380265482764161333e-02
1.253051261187957677e-01,-5.380265482764161333e-02
1.261187957689178241e-01,-5.380265482764161333e-02
1.301871440195280782e-01,-5.326020839422690445e-02
1.312720368863574683e-01,-5.326020839422690445e-02
1.323569297531868860e-01,-5.326020839422690445e-02
1.334418226200162760e-01,-5.326020839422690445e-02
1.345267154868456660e-01,-5.326020839422690445e-02
1.356116083536750838e-01,-5.326020839422690445e-02
1.364252780037971124e-01,-5.326020839422690445e-02
1.388662869541632816e-01,-5.271776196081220944e-02
1.399511798209926716e-01,-5.271776196081220944e-02
1.410360726878220894e-01,-5.271776196081220944e-02
1.421209655546514794e-01,-5.271776196081220944e-02
1.432058584214808694e-01,-5.271776196081220944e-02
1.442907512883102872e-01,-5.271776196081220944e-02
1.451044209384323436e-01,-5.271776196081220944e-02
1.480878763222131800e-01,-5.217531552739750056e-02
1.491727691890425700e-01,-5.217531552739750056e-02
1.502576620558719878e-01,-5.217531552739750056e-02
1.513425549227013778e-01,-5.217531552739750056e-02
1.524274477895307955e-01,-5.217531552739750056e-02
1.535123406563601856e-01,-5.217531552739750056e-02
1.543260103064822419e-01,-5.217531552739750056e-02
1.573094656902630784e-01,-5.163286909398280555e-02
1.583943585570924961e-01,-5.163286909398280555e-02
1.594792514239218861e-01,-5.163286909398280555e-02
1.605641442907512761e-01,-5.163286909398280555e-02
1.616490371575806939e-01,-5.163286909398280555e-02
1.627339300244100839e-01,-5.163286909398280555e-02
1.638188228912395017e-01,-5.163286909398280555e-02
1.665310550583130045e-01,-5.109042266056811055e-02
1.676159479251423945e-01,-5.109042266056811055e-02
1.687008407919717845e-01,-5.109042266056811055e-02
1.697857336588012023e-01,-5.109042266056811055e-02
1.708706265256305923e-01,-5.109042266056811055e-02
1.719555193924599823e-01,-5.109042266056811055e-02
1.727691890425820387e-01,-5.109042266056811055e-02
1.754814212096555415e-01,-5.054797622715340166e-02
1.768375372931922929e-01,-5.054797622715340166e-02
1.779224301600217106e-01,-5.054797622715340166e-02
1.790073230268511006e-01,-5.054797622715340166e-02
1.800922158936804907e-01,-5.054797622715340166e-02
1.814483319772172421e-01,-5.054797622715340166e-02
1.844317873609981062e-01,-5.000552979373870666e-02
1.855166802278274962e-01,-5.000552979373870666e-02
1.866015730946569140e-01,-5.000552979373870666e-02
1.876864659614863040e-01,-5.000552979373870666e-02
1.887713588283156940e-01,-5.000552979373870666e-02
1.898562516951451118e-01,-5.000552979373870666e-02
1.936533767290480046e-01,-4.946308336032399777e-02
1.947382695958773946e-01,-4.946308336032399777e-02
1.958231624627068124e-01,-4.946308336032399777e-02
1.969080553295362024e-01,-4.946308336032399777e-02
1.979929481963656202e-01,-4.946308336032399777e-02
1.990778410631950102e-01,-4.946308336032399777e-02
1.998915107133170665e-01,-4.946308336032399777e-02
2.020612964469758743e-01,-4.892063692690930277e-02
2.034174125305126257e-01,-4.892063692690930277e-02
2.045023053973420157e-01,-4.892063692690930277e-02
2.055871982641714057e-01,-4.892063692690930277e-02
2.066720911310008235e-01,-4.892063692690930277e-02
2.077569839978302135e-01,-4.892063692690930277e-02
2.085706536479522699e-01,-4.892063692690930277e-02
2.120965554651478291e-01,-4.837819049349460776e-02
2.131814483319772191e-01,-4.837819049349460776e-02
2.142663411988066091e-01,-4.837819049349460776e-02
2.153512340656360269e-01,-4.837819049349460776e-02
2.164361269324654169e-01,-4.837819049349460776e-02
2.175210197992948069e-01,-4.837819049349460776e-02
2.207756983997830325e-01,-4.783574406007989888e-02
2.218605912666124225e-01,-4.783574406007989888e-02
2.229454841334418125e-01,-4.783574406007989888e-02
2.240303770002712302e-01,-4.783574406007989888e-02
2.251152698671006203e-01,-4.783574406007989888e-02
2.262001627339300380e-01,-4.783574406007989888e-02
2.294548413344182358e-01,-4.729329762666520387e-02
2.305397342012476258e-01,-4.729329762666520387e-02
2.316246270680770158e-01,-4.729329762666520387e-02
2.327095199349064336e-01,-4.729329762666520387e-02
2.337944128017358236e-01,-4.729329762666520387e-02
2.348793056685652414e-01,-4.729329762666520387e-02
2.356929753186872700e-01,-4.729329762666520387e-02
2.386764307024681342e-01,-4.675085119325050886e-02
2.397613235692975242e-01,-4.675085119325050886e-02
2.408462164361269420e-01,-4.675085119325050886e-02
2.419311093029563320e-01,-4.675085119325050886e-02
2.430160021697857220e-01,-4.675085119325050886e-02
2.441008950366151398e-01,-4.675085119325050886e-02
2.470843504203959762e-01,-4.620840475983579998e-02
2.484404665039327276e-01,-4.620840475983579998e-02
2.495253593707621453e-01,-4.620840475983579998e-02
2.506102522375915354e-01,-4.620840475983579998e-02
2.516951451044209254e-01,-4.620840475983579998e-02
2.527800379712503154e-01,-4.620840475983579998e-02
2.535937076213723995e-01,-4.620840475983579998e-02
2.560347165717385409e-01,-4.566595832642110497e-02
2.571196094385679309e-01,-4.566595832642110497e-02
2.582045023053973209e-01,-4.566595832642110497e-02
2.592893951722267665e-01,-4.566595832642110497e-02
2.603742880390561565e-01,-4.566595832642110497e-02
2.614591809058855465e-01,-4.566595832642110497e-02
2.622728505560075751e-01,-4.566595832642110497e-02
2.652563059397884393e-01,-4.512351189300639609e-02
2.663411988066178293e-01,-4.512351189300639609e-02
2.674260916734472748e-01,-4.512351189300639609e-02
2.685109845402766648e-01,-4.512351189300639609e-02
2.695958774071060549e-01,-4.512351189300639609e-02
2.706807702739354449e-01,-4.512351189300639609e-02
2.720368863574721963e-01,-4.512351189300639609e-02
2.744778953078383377e-01,-4.458106545959170108e-02
2.755627881746677277e-01,-4.458106545959170108e-02
2.766476810414971732e-01,-4.458106545959170108e-02
2.777325739083265632e-01,-4.458106545959170108e-02
2.788174667751559532e-01,-4.458106545959170108e-02
2.799023596419853432e-01,-4.458106545959170108e-02
2.809872525088147333e-01,-4.458106545959170108e-02
2.839707078925955974e-01,-4.403861902617700608e-02
2.853268239761323488e-01,-4.403861902617700608e-02
2.864117168429617388e-01,-4.403861902617700608e-02
2.874966097097911844e-01,-4.403861902617700608e-02
2.885815025766205744e-01,-4.403861902617700608e-02
2.896663954434499644e-01,-4.403861902617700608e-02
2.904800650935719930e-01,-4.403861902617700608e-02
2.929210740439381344e-01,-4.349617259276229719e-02
2.940059669107675799e-01,-4.349617259276229719e-02
2.950908597775969699e-01,-4.349617259276229719e-02
2.961757526444263600e-01,-4.349617259276229719e-02
2.972606455112557500e-01,-4.349617259276229719e-02
2.980743151613778341e-01,-4.349617259276229719e-02
2.994304312449145855e-01,-4.349617259276229719e-02
3.026851098454027555e-01,-4.295372615934760219e-02
3.037700027122321456e-01,-4.295372615934760219e-02
3.048548955790615911e-01,-4.295372615934760219e-02
3.059397884458909811e-01,-4.295372615934760219e-02
3.070246813127203711e-01,-4.295372615934760219e-02
3.081095741795497611e-01,-4.295372615934760219e-02
3.091944670463791511e-01,-4.295372615934760219e-02
3.124491456468673767e-01,-4.241127972593290718e-02
3.135340385136967667e-01,-4.241127972593290718e-02
3.146189313805261567e-01,-4.241127972593290718e-02
3.157038242473555467e-01,-4.241127972593290718e-02
3.167887171141849922e-01,-4.241127972593290718e-02
3.178736099810143823e-01,-4.241127972593290718e-02
3.186872796311364109e-01,-4.241127972593290718e-02
3.211282885815025523e-01,-4.186883329251819830e-02
3.222131814483319978e-01,-4.186883329251819830e-02
3.232980743151613878e-01,-4.186883329251819830e-02
3.243829671819907778e-01,-4.186883329251819830e-02
3.254678600488201679e-01,-4.186883329251819830e-02
3.265527529156495579e-01,-4.186883329251819830e-02
3.276376457824790034e-01,-4.186883329251819830e-02
3.284513154326010320e-01,-4.186883329251819830e-02
3.308923243829671734e-01,-4.132638685910350329e-02
3.319772172497965634e-01,-4.132638685910350329e-02
3.330621101166260090e-01,-4.132638685910350329e-02
3.341470029834553990e-01,-4.132638685910350329e-02
3.352318958502847890e-01,-4.132638685910350329e-02
3.363167887171141790e-01,-4.132638685910350329e-02
3.374016815839435690e-01,-4.132638685910350329e-02
3.382153512340656532e-01,-4.132638685910350329e-02
3.406563601844317946e-01,-4.078394042568879441e-02
3.417412530512611846e-01,-4.078394042568879441e-02
3.428261459180905746e-01,-4.078394042568879441e-02
3.439110387849199646e-01,-4.078394042568879441e-02
3.449959316517494101e-01,-4.078394042568879441e-02
3.460808245185788001e-01,-4.078394042568879441e-02
3.471657173854081901e-01,-4.078394042568879441e-02
3.504203959858964157e-01,-4.024149399227409940e-02
3.515052888527258057e-01,-4.024149399227409940e-02
3.525901817195551957e-01,-4.024149399227409940e-02
3.536750745863845857e-01,-4.024149399227409940e-02
3.547599674532139757e-01,-4.024149399227409940e-02
3.558448603200434213e-01,-4.024149399227409940e-02
3.569297531868728113e-01,-4.024149399227409940e-02
3.577434228369948399e-01,-4.024149399227409940e-02
3.601844317873609813e-01,-3.969904755885940439e-02
3.612693246541903713e-01,-3.969904755885940439e-02
3.623542175210198169e-01,-3.969904755885940439e-02
3.634391103878492069e-01,-3.969904755885940439e-02
3.645240032546785969e-01,-3.969904755885940439e-02
3.656088961215079869e-01,-3.969904755885940439e-02
3.666937889883373769e-01,-3.969904755885940439e-02
3.677786818551668224e-01,-3.969904755885940439e-02
3.704909140222403252e-01,-3.915660112544469551e-02
3.715758068890697152e-01,-3.915660112544469551e-02
3.726606997558991052e-01,-3.915660112544469551e-02
3.737455926227284952e-01,-3.915660112544469551e-02
3.748304854895578853e-01,-3.915660112544469551e-02
3.759153783563873308e-01,-3.915660112544469551e-02
3.770002712232167208e-01,-3.915660112544469551e-02
3.778139408733387494e-01,-3.915660112544469551e-02
3.807973962571196136e-01,-3.861415469203000050e-02
3.818822891239490036e-01,-3.861415469203000050e-02
3.829671819907783936e-01,-3.861415469203000050e-02
3.840520748576077836e-01,-3.861415469203000050e-02
3.851369677244372292e-01,-3.861415469203000050e-02
3.862218605912666192e-01,-3.861415469203000050e-02
3.873067534580960092e-01,-3.861415469203000050e-02
3.905614320585842347e-01,-3.807170825861529162e-02
3.916463249254136247e-01,-3.807170825861529162e-02
3.927312177922430148e-01,-3.807170825861529162e-02
3.938161106590724048e-01,-3.807170825861529162e-02
3.949010035259017948e-01,-3.807170825861529162e-02
3.959858963927312403e-01,-3.807170825861529162e-02
3.970707892595606303e-01,-3.807170825861529162e-02
3.981556821263900203e-01,-3.807170825861529162e-02
4.014103607268782459e-01,-3.752926182520059661e-02
4.024952535937076359e-01,-3.752926182520059661e-02
4.035801464605370259e-01,-3.752926182520059661e-02
4.046650393273664159e-01,-3.752926182520059661e-02
4.057499321941958059e-01,-3.752926182520059661e-02
4.068348250610252514e-01,-3.752926182520059661e-02
4.081909411445619473e-01,-3.752926182520059661e-02
4.117168429617575343e-01,-3.698681539178590161e-02
4.128017358285869243e-01,-3.698681539178590161e-02
4.138866286954163143e-01,-3.698681539178590161e-02
4.149715215622457043e-01,-3.698681539178590161e-02
4.160564144290751498e-01,-3.698681539178590161e-02
4.171413072959045398e-01,-3.698681539178590161e-02
4.182262001627339298e-01,-3.698681539178590161e-02
4.214808787632221554e-01,-3.644436895837119272e-02
4.225657716300515454e-01,-3.644436895837119272e-02
4.236506644968809354e-01,-3.644436895837119272e-02
4.247355573637103254e-01,-3.644436895837119272e-02
4.258204502305397154e-01,-3.644436895837119272e-02
4.269053430973691610e-01,-3.644436895837119272e-02
4.279902359641985510e-01,-3.644436895837119272e-02
4.288039056143205796e-01,-3.644436895837119272e-02
4.315161377813940824e-01,-3.590192252495649772e-02
4.328722538649308338e-01,-3.590192252495649772e-02
4.339571467317602238e-01,-3.590192252495649772e-02
4.350420395985896138e-01,-3.590192252495649772e-02
4.361269324654190593e-01,-3.590192252495649772e-02
4.372118253322484493e-01,-3.590192252495649772e-02
4.382967181990778394e-01,-3.590192252495649772e-02
4.391103878491998680e-01,-3.590192252495649772e-02
4.426362896663954549e-01,-3.535947609154180271e-02
4.437211825332248449e-01,-3.535947609154180271e-02
4.448060754000542349e-01,-3.535947609154180271e-02
4.458909682668836250e-01,-3.535947609154180271e-02
4.469758611337130705e-01,-3.535947609154180271e-02
4.480607540005424605e-01,-3.535947609154180271e-02
4.488744236506644891e-01,-3.535947609154180271e-02
4.524003254678600761e-01,-3.481702965812709383e-02
4.534852183346894661e-01,-3.481702965812709383e-02
4.545701112015188561e-01,-3.481702965812709383e-02
4.556550040683482461e-01,-3.481702965812709383e-02
4.567398969351776361e-01,-3.481702965812709383e-02
4.578247898020070261e-01,-3.481702965812709383e-02
4.589096826688364716e-01,-3.481702965812709383e-02
4.627068077027393644e-01,-3.427458322471239882e-02
4.637917005695687545e-01,-3.427458322471239882e-02
4.648765934363981445e-01,-3.427458322471239882e-02
4.659614863032275345e-01,-3.427458322471239882e-02
4.670463791700569800e-01,-3.427458322471239882e-02
4.681312720368863700e-01,-3.427458322471239882e-02
4.692161649037157600e-01,-3.427458322471239882e-02
4.735557363710333756e-01,-3.373213679129768994e-02
4.746406292378627656e-01,-3.373213679129768994e-02
4.757255221046921556e-01,-3.373213679129768994e-02
4.768104149715215456e-01,-3.373213679129768994e-02
4.778953078383509356e-01,-3.373213679129768994e-02
4.789802007051803812e-01,-3.373213679129768994e-02
4.800650935720097712e-01,-3.373213679129768994e-02
4.838622186059126640e-01,-3.318969035788299493e-02
4.849471114727420540e-01,-3.318969035788299493e-02
4.860320043395714440e-01,-3.318969035788299493e-02
4.871168972064008895e-01,-3.318969035788299493e-02
4.882017900732302795e-01,-3.318969035788299493e-02
4.892866829400596695e-01,-3.318969035788299493e-02
4.903715758068890596e-01,-3.318969035788299493e-02
4.936262544073772851e-01,-3.264724392446829992e-02
4.947111472742066751e-01,-3.264724392446829992e-02
4.957960401410360651e-01,-3.264724392446829992e-02
4.968809330078654551e-01,-3.264724392446829992e-02
4.979658258746949007e-01,-3.264724392446829992e-02
4.987794955248169293e-01,-3.264724392446829992e-02
5.001356116083536252e-01,-3.264724392446829992e-02
5.009492812584757093e-01,-3.264724392446829992e-02
5.033902902088418507e-01,-3.210479749105359104e-02
5.044751830756712963e-01,-3.210479749105359104e-02
5.055600759425006308e-01,-3.210479749105359104e-02
5.066449688093300763e-01,-3.210479749105359104e-02
5.077298616761595218e-01,-3.210479749105359104e-02
5.088147545429888563e-01,-3.210479749105359104e-02
5.098996474098183018e-01,-3.210479749105359104e-02
5.109845402766476363e-01,-3.210479749105359104e-02
5.136967724437211391e-01,-3.156235105763889603e-02
5.145104420938432233e-01,-3.156235105763889603e-02
5.158665581773800302e-01,-3.156235105763889603e-02
5.169514510442093647e-01,-3.156235105763889603e-02
5.180363439110388102e-01,-3.156235105763889603e-02
5.191212367778681447e-01,-3.156235105763889603e-02
5.199349064279902288e-01,-3.156235105763889603e-02
5.212910225115270357e-01,-3.156235105763889603e-02
5.245457011120151503e-01,-3.101990462422418715e-02
5.256305939788445958e-01,-3.101990462422418715e-02
5.267154868456740413e-01,-3.101990462422418715e-02
5.278003797125033758e-01,-3.101990462422418715e-02
5.288852725793328213e-01,-3.101990462422418715e-02
5.299701654461621558e-01,-3.101990462422418715e-02
5.310550583129916014e-01,-3.101990462422418715e-02
5.343097369134798269e-01,-3.047745819080949214e-02
5.359370762137238842e-01,-3.047745819080949214e-02
5.370219690805533297e-01,-3.047745819080949214e-02
5.381068619473826642e-01,-3.047745819080949214e-02
5.391917548142121097e-01,-3.047745819080949214e-02
5.402766476810414442e-01,-3.047745819080949214e-02
5.413615405478708897e-01,-3.047745819080949214e-02
5.451586655817738380e-01,-2.993501175739479714e-02
5.462435584486031726e-01,-2.993501175739479714e-02
5.473284513154326181e-01,-2.993501175739479714e-02
5.484133441822619526e-01,-2.993501175739479714e-02
5.494982370490913981e-01,-2.993501175739479714e-02
5.505831299159208436e-01,-2.993501175739479714e-02
5.516680227827501781e-01,-2.993501175739479714e-02
5.524816924328722623e-01,-2.993501175739479714e-02
5.554651478166531264e-01,-2.939256532398008825e-02
5.565500406834824609e-01,-2.939256532398008825e-02
5.576349335503119065e-01,-2.939256532398008825e-02
5.587198264171413520e-01,-2.939256532398008825e-02
5.598047192839706865e-01,-2.939256532398008825e-02
5.608896121508001320e-01,-2.939256532398008825e-02
5.619745050176294665e-01,-2.939256532398008825e-02
5.630593978844589120e-01,-2.939256532398008825e-02
5.663140764849471376e-01,-2.885011889056539325e-02
5.679414157851911948e-01,-2.885011889056539325e-02
5.690263086520206404e-01,-2.885011889056539325e-02
5.701112015188499749e-01,-2.885011889056539325e-02
5.711960943856794204e-01,-2.885011889056539325e-02
5.722809872525088659e-01,-2.885011889056539325e-02
5.733658801193382004e-01,-2.885011889056539325e-02
5.741795497694602846e-01,-2.885011889056539325e-02
5.777054515866558715e-01,-2.830767245715069824e-02
5.793327908868999288e-01,-2.830767245715069824e-02
5.804176837537293743e-01,-2.830767245715069824e-02
5.815025766205587088e-01,-2.830767245715069824e-02
5.825874694873881543e-01,-2.830767245715069824e-02
5.836723623542174888e-01,-2.830767245715069824e-02
5.844860320043395729e-01,-2.830767245715069824e-02
5.858421480878762688e-01,-2.830767245715069824e-02
5.866558177379983530e-01,-2.830767245715069824e-02
5.901817195551939399e-01,-2.776522602373598936e-02
5.912666124220232744e-01,-2.776522602373598936e-02
5.923515052888527199e-01,-2.776522602373598936e-02
5.934363981556821654e-01,-2.776522602373598936e-02
5.945212910225114999e-01,-2.776522602373598936e-02
5.956061838893409455e-01,-2.776522602373598936e-02
5.966910767561702800e-01,-2.776522602373598936e-02
5.977759696229997255e-01,-2.776522602373598936e-02
5.985896392731218096e-01,-2.776522602373598936e-02
6.026579875237320083e-01,-2.722277959032129435e-02
6.037428803905614538e-01,-2.722277959032129435e-02
6.048277732573907883e-01,-2.722277959032129435e-02
6.059126661242202339e-01,-2.722277959032129435e-02
6.069975589910496794e-01,-2.722277959032129435e-02
6.080824518578790139e-01,-2.722277959032129435e-02
6.091673447247084594e-01,-2.722277959032129435e-02
6.102522375915377939e-01,-2.722277959032129435e-02
6.113371304583672394e-01,-2.722277959032129435e-02
6.156767019256847995e-01,-2.668033315690658547e-02
6.167615947925142450e-01,-2.668033315690658547e-02
6.178464876593436905e-01,-2.668033315690658547e-02
6.189313805261730250e-01,-2.668033315690658547e-02
6.200162733930024705e-01,-2.668033315690658547e-02
6.211011662598318050e-01,-2.668033315690658547e-02
6.221860591266612506e-01,-2.668033315690658547e-02
6.232709519934906961e-01,-2.668033315690658547e-02
6.243558448603200306e-01,-2.668033315690658547e-02
6.254407377271494761e-01,-2.668033315690658547e-02
6.297803091944670362e-01,-2.613788672349189046e-02
6.308652020612964817e-01,-2.613788672349189046e-02
6.324925413615405390e-01,-2.613788672349189046e-02
6.335774342283699845e-01,-2.613788672349189046e-02
6.346623270951993190e-01,-2.613788672349189046e-02
6.357472199620287645e-01,-2.613788672349189046e-02
6.368321128288580990e-01,-2.613788672349189046e-02
6.379170056956875445e-01,-2.613788672349189046e-02
6.390018985625169901e-01,-2.613788672349189046e-02
6.400867914293463246e-01,-2.613788672349189046e-02
6.409004610794684087e-01,-2.613788672349189046e-02
6.455112557634933301e-01,-2.559544029007719546e-02
6.465961486303227757e-01,-2.559544029007719546e-02
6.476810414971521102e-01,-2.559544029007719546e-02
6.487659343639815557e-01,-2.559544029007719546e-02
6.498508272308110012e-01,-2.559544029007719546e-02
6.509357200976403357e-01,-2.559544029007719546e-02
6.520206129644697812e-01,-2.559544029007719546e-02
6.531055058312991157e-01,-2.559544029007719546e-02
6.541903986981285613e-01,-2.559544029007719546e-02
6.552752915649580068e-01,-2.559544029007719546e-02
6.563601844317873413e-01,-2.559544029007719546e-02
6.574450772986167868e-01,-2.559544029007719546e-02
6.585299701654461213e-01,-2.559544029007719546e-02
6.639544344995931269e-01,-2.505299385666248657e-02
6.650393273664225724e-01,-2.505299385666248657e-02
6.661242202332520179e-01,-2.505299385666248657e-02
6.672091131000813524e-01,-2.505299385666248657e-02
6.682940059669107979e-01,-2.505299385666248657e-02
6.693788988337401324e-01,-2.505299385666248657e-02
6.704637917005695780e-01,-2.505299385666248657e-02
6.715486845673990235e-01,-2.505299385666248657e-02
6.726335774342283580e-01,-2.505299385666248657e-02
6.737184703010578035e-01,-2.505299385666248657e-02
6.748033631678871380e-01,-2.505299385666248657e-02
6.758882560347165835e-01,-2.505299385666248657e-02
6.769731489015459180e-01,-2.505299385666248657e-02
6.780580417683753636e-01,-2.505299385666248657e-02
6.791429346352048091e-01,-2.505299385666248657e-02
6.802278275020341436e-01,-2.505299385666248657e-02
6.856522918361811492e-01,-2.451054742324779157e-02
6.867371847030105947e-01,-2.451054742324779157e-02
6.878220775698399292e-01,-2.451054742324779157e-02
6.889069704366693747e-01,-2.451054742324779157e-02
6.899918633034988202e-01,-2.451054742324779157e-02
6.910767561703281547e-01,-2.451054742324779157e-02
6.921616490371576003e-01,-2.451054742324779157e-02
6.932465419039869348e-01,-2.451054742324779157e-02
6.943314347708163803e-01,-2.451054742324779157e-02
6.954163276376458258e-01,-2.451054742324779157e-02
6.965012205044751603e-01,-2.451054742324779157e-02
6.975861133713046058e-01,-2.451054742324779157e-02
6.986710062381339403e-01,-2.451054742324779157e-02
6.997558991049633859e-01,-2.451054742324779157e-02
7.008407919717928314e-01,-2.451054742324779157e-02
7.019256848386221659e-01,-2.451054742324779157e-02
7.030105777054516114e-01,-2.451054742324779157e-02
7.040954705722809459e-01,-2.451054742324779157e-02
7.051803634391103914e-01,-2.451054742324779157e-02
7.062652563059398370e-01,-2.451054742324779157e-02
7.073501491727691715e-01,-2.451054742324779157e-02
7.149443992405749571e-01,-2.396810098983309656e-02
7.160292921074044026e-01,-2.396810098983309656e-02
7.171141849742338481e-01,-2.396810098983309656e-02
7.181990778410631826e-01,-2.396810098983309656e-02
7.192839707078926281e-01,-2.396810098983309656e-02
7.203688635747219626e-01,-2.396810098983309656e-02
7.214537564415514082e-01,-2.396810098983309656e-02
7.225386493083807427e-01,-2.396810098983309656e-02
7.236235421752101882e-01,-2.396810098983309656e-02
7.247084350420396337e-01,-2.396810098983309656e-02
7.257933279088689682e-01,-2.396810098983309656e-02
7.268782207756984137e-01,-2.396810098983309656e-02
7.279631136425277482e-01,-2.396810098983309656e-02
7.290480065093571937e-01,-2.396810098983309656e-02
7.301328993761866393e-01,-2.396810098983309656e-02
7.312177922430159738e-01,-2.396810098983309656e-02
7.323026851098454193e-01,-2.396810098983309656e-02
7.333875779766747538e-01,-2.396810098983309656e-02
7.344724708435041993e-01,-2.396810098983309656e-02
7.355573637103336448e-01,-2.396810098983309656e-02
7.366422565771629793e-01,-2.396810098983309656e-02
7.377271494439924249e-01,-2.396810098983309656e-02
7.388120423108217594e-01,-2.396810098983309656e-02
7.398969351776512049e-01,-2.396810098983309656e-02
7.409818280444806504e-01,-2.396810098983309656e-02
7.420667209113099849e-01,-2.396810098983309656e-02
7.431516137781394304e-01,-2.396810098983309656e-02
7.442365066449687649e-01,-2.396810098983309656e-02
7.453213995117982105e-01,-2.396810098983309656e-02
7.464062923786276560e-01,-2.396810098983309656e-02
7.474911852454569905e-01,-2.396810098983309656e-02
7.485760781122864360e-01,-2.396810098983309656e-02
7.496609709791157705e-01,-2.396810098983309656e-02
7.507458638459452160e-01,-2.396810098983309656e-02
7.518307567127746616e-01,-2.396810098983309656e-02
7.529156495796039961e-01,-2.396810098983309656e-02
7.540005424464334416e-01,-2.396810098983309656e-02
7.550854353132627761e-01,-2.396810098983309656e-02
7.561703281800922216e-01,-2.396810098983309656e-02
7.572552210469216671e-01,-2.396810098983309656e-02
7.583401139137510016e-01,-2.396810098983309656e-02
7.594250067805804472e-01,-2.396810098983309656e-02
7.605098996474097817e-01,-2.396810098983309656e-02
7.615947925142392272e-01,-2.396810098983309656e-02
7.626796853810686727e-01,-2.396810098983309656e-02
7.637645782478980072e-01,-2.396810098983309656e-02
7.648494711147274527e-01,-2.396810098983309656e-02
7.659343639815567872e-01,-2.396810098983309656e-02
7.670192568483862328e-01,-2.396810098983309656e-02
7.681041497152155673e-01,-2.396810098983309656e-02
7.691890425820450128e-01,-2.396810098983309656e-02
7.702739354488744583e-01,-2.396810098983309656e-02
7.713588283157037928e-01,-2.396810098983309656e-02
7.724437211825332383e-01,-2.396810098983309656e-02
7.735286140493625728e-01,-2.396810098983309656e-02
7.746135069161920184e-01,-2.396810098983309656e-02
7.756983997830214639e-01,-2.396810098983309656e-02
7.767832926498507984e-01,-2.396810098983309656e-02
7.778681855166802439e-01,-2.396810098983309656e-02
7.789530783835095784e-01,-2.396810098983309656e-02
7.800379712503390239e-01,-2.396810098983309656e-02
7.811228641171684695e-01,-2.396810098983309656e-02
7.822077569839978040e-01,-2.396810098983309656e-02
7.832926498508272495e-01,-2.396810098983309656e-02
7.843775427176565840e-01,-2.396810098983309656e-02
7.854624355844860295e-01,-2.396810098983309656e-02
7.865473284513154750e-01,-2.396810098983309656e-02
7.876322213181448095e-01,-2.396810098983309656e-02
7.887171141849742551e-01,-2.396810098983309656e-02
7.898020070518035896e-01,-2.396810098983309656e-02
7.908868999186330351e-01,-2.396810098983309656e-02
7.919717927854624806e-01,-2.396810098983309656e-02
7.930566856522918151e-01,-2.396810098983309656e-02
7.941415785191212606e-01,-2.396810098983309656e-02
7.952264713859505951e-01,-2.396810098983309656e-02
7.963113642527800407e-01,-2.396810098983309656e-02
7.973962571196094862e-01,-2.396810098983309656e-02
7.984811499864388207e-01,-2.396810098983309656e-02
7.995660428532682662e-01,-2.396810098983309656e-02
8.006509357200976007e-01,-2.396810098983309656e-02
8.017358285869270462e-01,-2.396810098983309656e-02
8.028207214537564917e-01,-2.396810098983309656e-02
8.039056143205858262e-01,-2.396810098983309656e-02
8.049905071874152718e-01,-2.396810098983309656e-02
8.060754000542446063e-01,-2.396810098983309656e-02
8.071602929210740518e-01,-2.396810098983309656e-02
8.082451857879034973e-01,-2.396810098983309656e-02
8.142120965554651146e-01,-2.451054742324779157e-02
8.152969894222945602e-01,-2.451054742324779157e-02
8.163818822891238947e-01,-2.451054742324779157e-02
8.174667751559533402e-01,-2.451054742324779157e-02
8.185516680227827857e-01,-2.451054742324779157e-02
8.196365608896121202e-01,-2.451054742324779157e-02
8.207214537564415657e-01,-2.451054742324779157e-02
8.218063466232709002e-01,-2.451054742324779157e-02
8.228912394901003458e-01,-2.451054742324779157e-02
8.239761323569297913e-01,-2.451054742324779157e-02
8.250610252237591258e-01,-2.451054742324779157e-02
8.261459180905885713e-01,-2.451054742324779157e-02
8.272308109574179058e-01,-2.451054742324779157e-02
8.283157038242473513e-01,-2.451054742324779157e-02
8.294005966910767969e-01,-2.451054742324779157e-02
8.304854895579061314e-01,-2.451054742324779157e-02
8.315703824247355769e-01,-2.451054742324779157e-02
8.326552752915649114e-01,-2.451054742324779157e-02
8.334689449416869955e-01,-2.451054742324779157e-02
8.375372931922973052e-01,-2.505299385666248657e-02
8.386221860591266397e-01,-2.505299385666248657e-02
8.397070789259560852e-01,-2.505299385666248657e-02
8.407919717927854197e-01,-2.505299385666248657e-02
8.418768646596148653e-01,-2.505299385666248657e-02
8.429617575264443108e-01,-2.505299385666248657e-02
8.440466503932736453e-01,-2.505299385666248657e-02
8.451315432601030908e-01,-2.505299385666248657e-02
8.462164361269324253e-01,-2.505299385666248657e-02
8.473013289937618708e-01,-2.505299385666248657e-02
8.483862218605913164e-01,-2.505299385666248657e-02
8.494711147274206509e-01,-2.505299385666248657e-02
8.505560075942500964e-01,-2.505299385666248657e-02
8.513696772443720695e-01,-2.505299385666248657e-02
8.548955790615676564e-01,-2.559544029007719546e-02
8.559804719283971020e-01,-2.559544029007719546e-02
8.570653647952264365e-01,-2.559544029007719546e-02
8.581502576620558820e-01,-2.559544029007719546e-02
8.592351505288853275e-01,-2.559544029007719546e-02
8.603200433957146620e-01,-2.559544029007719546e-02
8.614049362625441075e-01,-2.559544029007719546e-02
8.624898291293734420e-01,-2.559544029007719546e-02
8.635747219962028876e-01,-2.559544029007719546e-02
8.646596148630322221e-01,-2.559544029007719546e-02
8.654732845131543062e-01,-2.559544029007719546e-02
8.684567398969351704e-01,-2.613788672349189046e-02
8.695416327637646159e-01,-2.613788672349189046e-02
8.706265256305939504e-01,-2.613788672349189046e-02
8.717114184974233959e-01,-2.613788672349189046e-02
8.727963113642527304e-01,-2.613788672349189046e-02
8.738812042310821759e-01,-2.613788672349189046e-02
8.749660970979116215e-01,-2.613788672349189046e-02
8.765934363981556787e-01,-2.613788672349189046e-02
8.774071060482777629e-01,-2.613788672349189046e-02
8.798481149986439043e-01,-2.668033315690658547e-02
8.809330078654732388e-01,-2.668033315690658547e-02
8.820179007323026843e-01,-2.668033315690658547e-02
8.831027935991321298e-01,-2.668033315690658547e-02
8.841876864659614643e-01,-2.668033315690658547e-02
8.852725793327909098e-01,-2.668033315690658547e-02
8.860862489829128830e-01,-2.668033315690658547e-02
8.874423650664496899e-01,-2.668033315690658547e-02
8.882560347165717740e-01,-2.668033315690658547e-02
8.901545972335231927e-01,-2.722277959032129435e-02
8.917819365337672499e-01,-2.722277959032129435e-02
8.928668294005966954e-01,-2.722277959032129435e-02
8.939517222674261410e-01,-2.722277959032129435e-02
8.950366151342554755e-01,-2.722277959032129435e-02
8.961215080010849210e-01,-2.722277959032129435e-02
8.972064008679142555e-01,-2.722277959032129435e-02
8.980200705180363396e-01,-2.722277959032129435e-02
8.999186330349877583e-01,-2.776522602373598936e-02
9.010035259018172038e-01,-2.776522602373598936e-02
9.020884187686466493e-01,-2.776522602373598936e-02
9.031733116354759838e-01,-2.776522602373598936e-02
9.042582045023054294e-01,-2.776522602373598936e-02
9.053430973691347639e-01,-2.776522602373598936e-02
9.064279902359642094e-01,-2.776522602373598936e-02
9.080553295362082666e-01,-2.830767245715069824e-02
9.096826688364524349e-01,-2.830767245715069824e-02
9.107675617032817694e-01,-2.830767245715069824e-02
9.118524545701112149e-01,-2.830767245715069824e-02
9.129373474369405494e-01,-2.830767245715069824e-02
9.140222403037699950e-01,-2.830767245715069824e-02
9.148359099538920791e-01,-2.830767245715069824e-02
9.161920260374287750e-01,-2.885011889056539325e-02
9.172769189042582205e-01,-2.885011889056539325e-02
9.183618117710875550e-01,-2.885011889056539325e-02
9.194467046379170005e-01,-2.885011889056539325e-02
9.205315975047464461e-01,-2.885011889056539325e-02
9.216164903715757806e-01,-2.885011889056539325e-02
9.237862761052345606e-01,-2.939256532398008825e-02
9.248711689720640061e-01,-2.939256532398008825e-02
9.259560618388934516e-01,-2.939256532398008825e-02
9.270409547057227861e-01,-2.939256532398008825e-02
9.281258475725522317e-01,-2.939256532398008825e-02
9.289395172226743158e-01,-2.939256532398008825e-02
9.302956333062110117e-01,-2.993501175739479714e-02
9.313805261730404572e-01,-2.993501175739479714e-02
9.324654190398697917e-01,-2.993501175739479714e-02
9.335503119066992372e-01,-2.993501175739479714e-02
9.346352047735285717e-01,-2.993501175739479714e-02
9.354488744236506559e-01,-2.993501175739479714e-02
9.368049905071874628e-01,-3.047745819080949214e-02
9.378898833740167973e-01,-3.047745819080949214e-02
9.389747762408462428e-01,-3.047745819080949214e-02
9.400596691076755773e-01,-3.047745819080949214e-02
9.411445619745050228e-01,-3.047745819080949214e-02
9.425006780580417187e-01,-3.101990462422418715e-02
9.438567941415785256e-01,-3.101990462422418715e-02
9.449416870084079711e-01,-3.101990462422418715e-02
9.460265798752373057e-01,-3.101990462422418715e-02
9.471114727420667512e-01,-3.101990462422418715e-02
9.484675888256034471e-01,-3.156235105763889603e-02
9.498237049091402540e-01,-3.156235105763889603e-02
9.509085977759695885e-01,-3.156235105763889603e-02
9.519934906427990340e-01,-3.156235105763889603e-02
9.530783835096284795e-01,-3.183357427434624354e-02
9.538920531597504526e-01,-3.210479749105359104e-02
9.552481692432872595e-01,-3.210479749105359104e-02
9.563330621101165940e-01,-3.210479749105359104e-02
9.574179549769460396e-01,-3.210479749105359104e-02
9.590452942771900968e-01,-3.264724392446829992e-02
9.601301871440195423e-01,-3.264724392446829992e-02
9.612150800108488768e-01,-3.264724392446829992e-02
9.622999728776783224e-01,-3.264724392446829992e-02
9.644697586113371024e-01,-3.318969035788299493e-02
9.655546514781665479e-01,-3.318969035788299493e-02
9.663683211282886321e-01,-3.318969035788299493e-02
9.677244372118253279e-01,-3.346091357459034243e-02
9.688093300786547735e-01,-3.373213679129768994e-02
9.698942229454841080e-01,-3.373213679129768994e-02
9.709791158123135535e-01,-3.373213679129768994e-02
9.720640086791428880e-01,-3.400336000800505132e-02
9.731489015459723335e-01,-3.427458322471239882e-02
9.742337944128017790e-01,-3.427458322471239882e-02
9.753186872796311135e-01,-3.427458322471239882e-02
9.764035801464605591e-01,-3.454580644141974632e-02
9.774884730132898936e-01,-3.481702965812709383e-02
9.785733658801193391e-01,-3.481702965812709383e-02
9.796582587469487846e-01,-3.481702965812709383e-02
9.807431516137781191e-01,-3.535947609154180271e-02
9.818280444806075646e-01,-3.535947609154180271e-02
9.829129373474368991e-01,-3.535947609154180271e-02
9.839978302142663447e-01,-3.563069930824915021e-02
9.850827230810957902e-01,-3.590192252495649772e-02
9.861676159479251247e-01,-3.590192252495649772e-02
9.872525088147545702e-01,-3.590192252495649772e-02
9.883374016815839047e-01,-3.644436895837119272e-02
9.894222945484133502e-01,-3.644436895837119272e-02
9.905071874152427958e-01,-3.644436895837119272e-02
9.921345267154868530e-01,-3.698681539178590161e-02
9.932194195823162985e-01,-3.698681539178590161e-02
9.943043124491456330e-01,-3.698681539178590161e-02
9.953892053159750786e-01,-3.752926182520059661e-02
9.962028749660970517e-01,-3.752926182520059661e-02
9.972877678329264972e-01,-3.752926182520059661e-02
9.983726606997559427e-01,-3.807170825861529162e-02
9.997287767832926386e-01,-3.725803860849324911e-02
1.000000000000000000e+00,-3.617314574166384522e-02
9.991863303498779159e-01,-3.508825287483444133e-02
9.981014374830485814e-01,-3.427458322471239882e-02
9.970165446162191358e-01,-3.373213679129768994e-02
9.959316517493898013e-01,-3.335242428790741176e-02
9.948467588825603558e-01,-3.291846714117564743e-02
9.937618660157309103e-01,-3.253875463778535537e-02
9.926769731489015758e-01,-3.210479749105359104e-02
9.915920802820721303e-01,-3.156235105763889603e-02
9.905071874152427958e-01,-3.118263855424860398e-02
9.894222945484133502e-01,-3.074868140751683965e-02
9.883374016815839047e-01,-3.036896890412656147e-02
9.872525088147545702e-01,-2.993501175739479714e-02
9.856251695145104019e-01,-2.928407603729715758e-02
9.845402766476810674e-01,-2.885011889056539325e-02
9.834553837808516219e-01,-2.830767245715069824e-02
9.823704909140222874e-01,-2.803644924044333686e-02
9.812855980471928419e-01,-2.765673673705305868e-02
9.802007051803633964e-01,-2.722277959032129435e-02
9.791158123135340619e-01,-2.668033315690658547e-02
9.777596962299972549e-01,-2.613788672349189046e-02
9.769460265798752818e-01,-2.613788672349189046e-02
9.753186872796311135e-01,-2.548695100339425090e-02
9.742337944128017790e-01,-2.505299385666248657e-02
9.731489015459723335e-01,-2.467328135327220839e-02
9.720640086791428880e-01,-2.423932420654044406e-02
9.709791158123135535e-01,-2.396810098983309656e-02
9.698942229454841080e-01,-2.342565455641838768e-02
9.688093300786547735e-01,-2.315443133971104017e-02
9.677244372118253279e-01,-2.288320812300369267e-02
9.660970979115812707e-01,-2.234076168958898378e-02
9.650122050447518252e-01,-2.179831525617428878e-02
9.639273121779223796e-01,-2.152709203946694128e-02
9.628424193110930451e-01,-2.125586882275959377e-02
9.617575264442635996e-01,-2.071342238934488489e-02
9.598589639273121810e-01,-2.017097595593018988e-02
9.590452942771900968e-01,-1.989975273922284238e-02
9.579604014103607623e-01,-1.962852952251548100e-02
9.568755085435313168e-01,-1.924881701912520282e-02
9.557906156767018713e-01,-1.897759380241785532e-02
9.547057228098725368e-01,-1.854363665568609099e-02
9.536208299430430912e-01,-1.827241343897874348e-02
9.525359370762137567e-01,-1.800119022227138210e-02
9.511798209926769498e-01,-1.745874378885668710e-02
9.503661513425549767e-01,-1.718752057214933959e-02
9.492812584757255312e-01,-1.691629735544199209e-02
9.481963656088960857e-01,-1.653658485205170003e-02
9.471114727420667512e-01,-1.637385092202728321e-02
9.460265798752373057e-01,-1.583140448861258820e-02
9.449416870084079711e-01,-1.556018127190524070e-02
9.438567941415785256e-01,-1.528895805519787932e-02
9.427719012747490801e-01,-1.474651162178318431e-02
9.416870084079197456e-01,-1.474651162178318431e-02
9.406021155410903001e-01,-1.420406518836848930e-02
9.389747762408462428e-01,-1.382435268497819725e-02
9.378898833740167973e-01,-1.366161875495378042e-02
9.368049905071874628e-01,-1.311917232153908541e-02
9.357200976403580173e-01,-1.284794910483173791e-02
9.346352047735285717e-01,-1.257672588812439041e-02
9.335503119066992372e-01,-1.230550267141702903e-02
9.324654190398697917e-01,-1.203427945470968152e-02
9.313805261730404572e-01,-1.149183302129498652e-02
9.302956333062110117e-01,-1.149183302129498652e-02
9.292107404393815662e-01,-1.094938658788027763e-02
9.281258475725522317e-01,-1.084089730119734696e-02
9.264985082723080634e-01,-1.040694015446558263e-02
9.254136154054787289e-01,-9.864493721050887620e-03
9.243287225386492834e-01,-9.756004434367943068e-03
9.232438296718199489e-01,-9.322047287636178736e-03
9.221589368049905033e-01,-9.050824070928831233e-03
9.210740439381610578e-01,-8.779600854221483730e-03
9.199891510713317233e-01,-8.399888350831191675e-03
9.189042582045022778e-01,-8.237154420806774846e-03
9.178193653376729433e-01,-7.694707987392079840e-03
9.167344724708434978e-01,-7.694707987392079840e-03
9.156495796040140522e-01,-7.152261553977384834e-03
9.145646867371847177e-01,-7.043772267294440281e-03
9.134797938703552722e-01,-6.609815120562675950e-03
9.123949010035259377e-01,-6.338591903855328447e-03
9.113100081366964922e-01,-6.067368687147980943e-03
9.102251152698670467e-01,-5.796145470440633440e-03
9.091402224030377122e-01,-5.524922253733285937e-03
9.080553295362082666e-01,-5.253699037025924556e-03
9.069704366693789321e-01,-4.982475820318577053e-03
9.058855438025494866e-01,-4.602763316928298876e-03
9.048006509357201521e-01,-4.440029386903882047e-03
9.037157580688907066e-01,-3.897582953489173163e-03
9.026308652020612611e-01,-3.897582953489173163e-03
9.015459723352319266e-01,-3.355136520074478157e-03
9.004610794684024810e-01,-3.355136520074478157e-03
8.993761866015731465e-01,-2.812690086659783151e-03
8.982912937347437010e-01,-2.541466869952421770e-03
8.972064008679142555e-01,-2.270243653245074267e-03
8.961215080010849210e-01,-2.270243653245074267e-03
8.950366151342554755e-01,-1.727797219830379261e-03
8.939517222674261410e-01,-1.456574003123031757e-03
8.928668294005966954e-01,-1.185350786415684254e-03
8.917819365337672499e-01,-9.141275697083228735e-04
8.906970436669379154e-01,-6.429043530009753704e-04
8.896121508001084699e-01,-3.716811362936278673e-04
8.885272579332791354e-01,-1.004579195862803642e-04
8.874423650664496899e-01,1.707652971210671389e-04
8.863574721996202443e-01,4.419885138284285198e-04
8.852725793327909098e-01,7.132117305357760229e-04
8.841876864659614643e-01,9.844349472431235260e-04
8.831027935991321298e-01,1.255658163950471029e-03
8.820179007323026843e-01,1.526881380657818532e-03
8.809330078654732388e-01,1.798104597365179913e-03
8.798481149986439043e-01,2.069327814072527416e-03
8.787632221318144587e-01,2.340551030779874919e-03
8.776783292649851242e-01,2.611774247487222422e-03
8.765934363981556787e-01,3.154220680901924367e-03
8.755085435313262332e-01,3.154220680901924367e-03
8.744236506644968987e-01,3.533933184292209484e-03
8.733387577976674532e-01,3.696667114316626312e-03
8.722538649308381187e-01,3.967890331023973816e-03
8.711689720640086732e-01,4.239113547731328258e-03
8.700840791971792276e-01,4.510336764438675761e-03
8.689991863303498931e-01,4.781559981146023264e-03
8.679142934635204476e-01,5.052783197853377706e-03
8.668294005966911131e-01,5.324006414560725209e-03
8.657445077298616676e-01,5.595229631268072712e-03
8.646596148630322221e-01,5.866452847975427154e-03
8.635747219962028876e-01,6.137676064682774657e-03
8.624898291293734420e-01,6.408899281390129099e-03
8.614049362625441075e-01,6.680122498097476602e-03
8.603200433957146620e-01,6.951345714804824105e-03
8.592351505288853275e-01,7.222568931512178547e-03
8.581502576620558820e-01,7.493792148219526050e-03
8.570653647952264365e-01,7.765015364926880492e-03
8.559804719283971020e-01,8.036238581634227995e-03
8.548955790615676564e-01,8.144727868317158670e-03
8.538106861947383219e-01,8.578685015048929940e-03
8.527257933279088764e-01,8.687174301731860615e-03
8.516409004610794309e-01,9.121131448463624947e-03
8.505560075942500964e-01,9.121131448463624947e-03
8.491998915107132895e-01,9.663577881878326892e-03
8.483862218605913164e-01,9.663577881878326892e-03
8.473013289937618708e-01,1.020602431529302884e-02
8.462164361269324253e-01,1.020602431529302884e-02
8.445890968266883680e-01,1.074847074870773078e-02
8.435042039598589225e-01,1.085696003539066840e-02
8.424193110930295880e-01,1.129091718212242579e-02
8.413344182262001425e-01,1.129091718212242579e-02
8.402495253593708080e-01,1.183336361553712773e-02
8.391646324925413625e-01,1.183336361553712773e-02
8.380797396257119170e-01,1.237581004895182968e-02
8.369948467588825824e-01,1.237581004895182968e-02
8.359099538920531369e-01,1.291825648236653162e-02
8.348250610252238024e-01,1.291825648236653162e-02
8.337401681583943569e-01,1.329796898575682368e-02
8.326552752915649114e-01,1.346070291578123357e-02
8.315703824247355769e-01,1.373192613248858107e-02
8.304854895579061314e-01,1.400314934919592857e-02
8.291293734743694355e-01,1.454559578261063052e-02
8.283157038242473513e-01,1.454559578261063052e-02
8.272308109574179058e-01,1.454559578261063052e-02
8.261459180905885713e-01,1.508804221602533246e-02
8.250610252237591258e-01,1.508804221602533246e-02
8.239761323569297913e-01,1.563048864944003441e-02
8.228912394901003458e-01,1.563048864944003441e-02
8.218063466232709002e-01,1.601020115283032647e-02
8.207214537564415657e-01,1.617293508285472942e-02
8.196365608896121202e-01,1.644415829956208386e-02
8.185516680227827857e-01,1.671538151626943136e-02
8.174667751559533402e-01,1.682387080295237591e-02
8.158394358557092829e-01,1.725782794968413331e-02
8.142120965554651146e-01,1.780027438309883525e-02
8.131272036886357801e-01,1.780027438309883525e-02
8.120423108218063346e-01,1.817998688648912731e-02
8.109574179549770001e-01,1.834272081651353026e-02
8.098725250881475546e-01,1.861394403322088470e-02
8.087876322213181091e-01,1.888516724992823220e-02
8.077027393544887746e-01,1.915639046663558664e-02
8.060754000542446063e-01,1.942761368334293415e-02
8.049905071874152718e-01,1.969883690005028165e-02
8.039056143205858262e-01,1.997006011675763609e-02
8.028207214537564917e-01,1.997006011675763609e-02
8.017358285869270462e-01,2.051250655017233110e-02
8.006509357200976007e-01,2.051250655017233110e-02
7.995660428532682662e-01,2.105495298358703304e-02
7.984811499864388207e-01,2.105495298358703304e-02
7.973962571196094862e-01,2.132617620029438749e-02
7.963113642527800407e-01,2.159739941700173499e-02
7.949552481692432337e-01,2.186862263370908249e-02
7.941415785191212606e-01,2.213984585041643693e-02
7.930566856522918151e-01,2.213984585041643693e-02
7.919717927854624806e-01,2.268229228383113888e-02
7.908868999186330351e-01,2.268229228383113888e-02
7.898020070518035896e-01,2.295351550053848638e-02
7.887171141849742551e-01,2.322473871724583389e-02
7.876322213181448095e-01,2.322473871724583389e-02
7.865473284513154750e-01,2.376718515066053583e-02
7.854624355844860295e-01,2.376718515066053583e-02
7.843775427176565840e-01,2.414689765405082789e-02
7.832926498508272495e-01,2.430963158407523778e-02
7.822077569839978040e-01,2.458085480078258528e-02
7.811228641171684695e-01,2.485207801748993972e-02
7.800379712503390239e-01,2.485207801748993972e-02
7.789530783835095784e-01,2.539452445090463473e-02
7.778681855166802439e-01,2.539452445090463473e-02
7.767832926498507984e-01,2.566574766761198917e-02
7.756983997830214639e-01,2.593697088431933667e-02
7.746135069161920184e-01,2.593697088431933667e-02
7.735286140493625728e-01,2.647941731773403862e-02
7.724437211825332383e-01,2.647941731773403862e-02
7.713588283157037928e-01,2.675064053444138612e-02
7.702739354488744583e-01,2.702186375114874056e-02
7.691890425820450128e-01,2.702186375114874056e-02
7.675617032818009555e-01,2.756431018456343557e-02
7.653919175481421755e-01,2.810675661797813751e-02
7.643070246813127300e-01,2.810675661797813751e-02
7.632221318144832845e-01,2.837797983468549196e-02
7.621372389476539499e-01,2.864920305139283946e-02
7.610523460808245044e-01,2.864920305139283946e-02
7.599674532139951699e-01,2.919164948480754140e-02
7.588825603471657244e-01,2.919164948480754140e-02
7.577976674803362789e-01,2.946287270151488891e-02
7.567127746135069444e-01,2.973409591822223641e-02
7.550854353132627761e-01,3.000531913492959085e-02
7.540005424464334416e-01,3.027654235163693835e-02
7.529156495796039961e-01,3.027654235163693835e-02
7.518307567127746616e-01,3.081898878505164030e-02
7.507458638459452160e-01,3.081898878505164030e-02
7.496609709791157705e-01,3.109021200175898780e-02
7.485760781122864360e-01,3.136143521846634225e-02
7.474911852454569905e-01,3.136143521846634225e-02
7.464062923786276560e-01,3.190388165188103725e-02
7.453213995117982105e-01,3.190388165188103725e-02
7.442365066449687649e-01,3.201237093856398180e-02
7.431516137781394304e-01,3.244632808529573920e-02
7.420667209113099849e-01,3.244632808529573920e-02
7.409818280444806504e-01,3.271755130200309364e-02
7.398969351776512049e-01,3.298877451871044114e-02
7.385408190941145090e-01,3.298877451871044114e-02
7.377271494439924249e-01,3.353122095212514309e-02
7.366422565771629793e-01,3.353122095212514309e-02
7.352861404936262835e-01,3.407366738553983809e-02
7.344724708435041993e-01,3.407366738553983809e-02
7.333875779766747538e-01,3.407366738553983809e-02
7.323026851098454193e-01,3.434489060224719253e-02
7.312177922430159738e-01,3.461611381895454698e-02
7.301328993761866393e-01,3.461611381895454698e-02
7.290480065093571937e-01,3.515856025236924198e-02
7.279631136425277482e-01,3.515856025236924198e-02
7.268782207756984137e-01,3.515856025236924198e-02
7.255221046921616068e-01,3.570100668578394393e-02
7.247084350420396337e-01,3.570100668578394393e-02
7.236235421752101882e-01,3.597222990249129143e-02
7.225386493083807427e-01,3.624345311919864587e-02
7.214537564415514082e-01,3.624345311919864587e-02
7.203688635747219626e-01,3.651467633590599338e-02
7.187415242744779054e-01,3.678589955261334088e-02
7.176566314076484598e-01,3.678589955261334088e-02
7.165717385408191253e-01,3.732834598602804282e-02
7.154868456739896798e-01,3.732834598602804282e-02
7.144019528071603453e-01,3.732834598602804282e-02
7.133170599403308998e-01,3.787079241944274477e-02
7.122321670735014543e-01,3.787079241944274477e-02
7.111472742066721198e-01,3.814201563615009227e-02
7.100623813398426742e-01,3.841323885285743978e-02
7.089774884730133397e-01,3.841323885285743978e-02
7.078925956061838942e-01,3.868446206956479422e-02
7.068077027393544487e-01,3.895568528627214866e-02
7.057228098725251142e-01,3.895568528627214866e-02
7.046379170056956687e-01,3.922690850297949616e-02
7.032818009221589728e-01,3.949813171968684367e-02
7.024681312720368886e-01,3.949813171968684367e-02
7.013832384052074431e-01,3.976935493639419117e-02
7.002983455383781086e-01,4.004057815310154561e-02
6.992134526715486631e-01,4.004057815310154561e-02
6.981285598047193286e-01,4.031180136980890005e-02
6.970436669378898831e-01,4.058302458651624756e-02
6.959587740710604375e-01,4.058302458651624756e-02
6.948738812042311030e-01,4.058302458651624756e-02
6.937889883374016575e-01,4.112547101993094256e-02
6.927040954705723230e-01,4.112547101993094256e-02
6.916192026037428775e-01,4.112547101993094256e-02
6.905343097369134320e-01,4.166791745334564451e-02
6.894494168700840975e-01,4.166791745334564451e-02
6.883645240032546520e-01,4.166791745334564451e-02
6.867371847030105947e-01,4.221036388676034645e-02
6.856522918361811492e-01,4.221036388676034645e-02
6.845673989693518147e-01,4.221036388676034645e-02
6.834825061025223691e-01,4.275281032017504146e-02
6.823976132356929236e-01,4.275281032017504146e-02
6.807702739354488664e-01,4.302403353688239590e-02
6.796853810686194208e-01,4.329525675358975034e-02
6.786004882017900863e-01,4.329525675358975034e-02
6.775155953349606408e-01,4.329525675358975034e-02
6.764307024681313063e-01,4.383770318700444535e-02
6.753458096013018608e-01,4.383770318700444535e-02
6.742609167344725263e-01,4.383770318700444535e-02
6.731760238676430808e-01,4.410892640371179285e-02
6.720911310008136352e-01,4.438014962041914729e-02
6.710062381339843007e-01,4.438014962041914729e-02
6.699213452671548552e-01,4.438014962041914729e-02
6.688364524003255207e-01,4.492259605383384924e-02
6.677515595334960752e-01,4.492259605383384924e-02
6.666666666666666297e-01,4.492259605383384924e-02
6.650393273664225724e-01,4.546504248724854425e-02
6.639544344995931269e-01,4.546504248724854425e-02
6.628695416327637924e-01,4.546504248724854425e-02
6.617846487659343468e-01,4.573626570395589869e-02
6.606997558991050123e-01,4.600748892066325313e-02
6.596148630322755668e-01,4.600748892066325313e-02
6.585299701654461213e-01,4.600748892066325313e-02
6.574450772986167868e-01,4.654993535407794814e-02
6.563601844317873413e-01,4.654993535407794814e-02
6.552752915649580068e-01,4.654993535407794814e-02
6.541903986981285613e-01,4.682115857078529564e-02
6.531055058312991157e-01,4.709238178749265008e-02
6.520206129644697812e-01,4.709238178749265008e-02
6.509357200976403357e-01,4.709238178749265008e-02
6.493083807973962784e-01,4.763482822090735203e-02
6.482234879305668329e-01,4.763482822090735203e-02
6.471385950637374984e-01,4.763482822090735203e-02
6.460537021969080529e-01,4.790605143761469953e-02
6.449688093300786074e-01,4.817727465432204703e-02
6.438839164632492729e-01,4.817727465432204703e-02
6.427990235964198273e-01,4.817727465432204703e-02
6.414429075128831315e-01,4.871972108773674898e-02
6.406292378627610473e-01,4.871972108773674898e-02
6.395443449959316018e-01,4.871972108773674898e-02
6.384594521291022673e-01,4.871972108773674898e-02
6.373745592622728218e-01,4.899094430444410342e-02
6.362896663954434873e-01,4.926216752115145092e-02
6.352047735286140417e-01,4.926216752115145092e-02
6.341198806617845962e-01,4.926216752115145092e-02
6.330349877949552617e-01,4.953339073785879842e-02
6.319500949281258162e-01,4.980461395456615287e-02
6.308652020612964817e-01,4.980461395456615287e-02
6.297803091944670362e-01,4.980461395456615287e-02
6.286954163276375906e-01,5.007583717127350037e-02
6.270680770273935334e-01,5.034706038798085481e-02
6.259831841605641989e-01,5.034706038798085481e-02
6.248982912937347534e-01,5.034706038798085481e-02
6.232709519934906961e-01,5.088950682139554982e-02
6.221860591266612506e-01,5.088950682139554982e-02
6.211011662598318050e-01,5.088950682139554982e-02
6.200162733930024705e-01,5.088950682139554982e-02
6.189313805261730250e-01,5.143195325481025176e-02
6.178464876593436905e-01,5.143195325481025176e-02
6.167615947925142450e-01,5.143195325481025176e-02
6.156767019256847995e-01,5.143195325481025176e-02
6.140493626254407422e-01,5.197439968822495371e-02
6.129644697586112967e-01,5.197439968822495371e-02
6.118795768917819622e-01,5.197439968822495371e-02
6.107946840249525167e-01,5.197439968822495371e-02
6.091673447247084594e-01,5.251684612163964871e-02
6.080824518578790139e-01,5.251684612163964871e-02
6.069975589910496794e-01,5.251684612163964871e-02
6.059126661242202339e-01,5.251684612163964871e-02
6.048277732573907883e-01,5.278806933834700316e-02
6.037428803905614538e-01,5.305929255505435066e-02
6.026579875237320083e-01,5.305929255505435066e-02
6.015730946569026738e-01,5.305929255505435066e-02
6.004882017900732283e-01,5.305929255505435066e-02
5.991320857065365324e-01,5.360173898846905260e-02
5.980471928397070869e-01,5.360173898846905260e-02
5.972335231895850027e-01,5.360173898846905260e-02
5.961486303227556682e-01,5.360173898846905260e-02
5.950637374559262227e-01,5.360173898846905260e-02
5.937076213723895268e-01,5.414418542188375455e-02
5.928939517222674427e-01,5.414418542188375455e-02
5.918090588554379972e-01,5.414418542188375455e-02
5.907241659886086627e-01,5.414418542188375455e-02
5.896392731217792171e-01,5.414418542188375455e-02
5.882831570382425213e-01,5.468663185529845649e-02
5.874694873881204371e-01,5.468663185529845649e-02
5.863845945212909916e-01,5.468663185529845649e-02
5.852997016544616571e-01,5.468663185529845649e-02
5.842148087876322116e-01,5.468663185529845649e-02
5.825874694873881543e-01,5.522907828871315150e-02
5.815025766205587088e-01,5.522907828871315150e-02
5.804176837537293743e-01,5.522907828871315150e-02
5.793327908868999288e-01,5.522907828871315150e-02
5.782478980200704832e-01,5.522907828871315150e-02
5.766205587198264260e-01,5.577152472212785345e-02
5.755356658529969804e-01,5.577152472212785345e-02
5.744507729861676459e-01,5.577152472212785345e-02
5.733658801193382004e-01,5.577152472212785345e-02
5.720097640358015045e-01,5.577152472212785345e-02
5.701112015188499749e-01,5.631397115554255539e-02
5.690263086520206404e-01,5.631397115554255539e-02
5.679414157851911948e-01,5.631397115554255539e-02
5.668565229183618603e-01,5.631397115554255539e-02
5.657716300515324148e-01,5.631397115554255539e-02
5.644155139679956079e-01,5.685641758895725040e-02
5.636018443178736348e-01,5.685641758895725040e-02
5.625169514510441893e-01,5.685641758895725040e-02
5.614320585842148548e-01,5.685641758895725040e-02
5.603471657173854092e-01,5.685641758895725040e-02
5.592622728505559637e-01,5.685641758895725040e-02
5.579061567670192678e-01,5.739886402237195234e-02
5.565500406834824609e-01,5.739886402237195234e-02
5.554651478166531264e-01,5.739886402237195234e-02
5.543802549498236809e-01,5.739886402237195234e-02
5.532953620829943464e-01,5.739886402237195234e-02
5.522104692161649009e-01,5.739886402237195234e-02
5.508543531326282050e-01,5.794131045578665429e-02
5.500406834825061209e-01,5.794131045578665429e-02
5.489557906156766753e-01,5.794131045578665429e-02
5.478708977488473408e-01,5.794131045578665429e-02
5.467860048820178953e-01,5.794131045578665429e-02
5.457011120151884498e-01,5.794131045578665429e-02
5.432601030648223084e-01,5.848375688920135623e-02
5.424464334147003353e-01,5.848375688920135623e-02
5.413615405478708897e-01,5.848375688920135623e-02
5.402766476810414442e-01,5.848375688920135623e-02
5.391917548142121097e-01,5.848375688920135623e-02
5.381068619473826642e-01,5.848375688920135623e-02
5.370219690805533297e-01,5.848375688920135623e-02
5.356658529970165228e-01,5.902620332261605818e-02
5.345809601301871883e-01,5.902620332261605818e-02
5.337672904800651041e-01,5.902620332261605818e-02
5.326823976132356586e-01,5.902620332261605818e-02
5.315975047464063241e-01,5.902620332261605818e-02
5.305126118795768786e-01,5.902620332261605818e-02
5.288852725793328213e-01,5.902620332261605818e-02
5.275291564957960144e-01,5.956864975603075318e-02
5.267154868456740413e-01,5.956864975603075318e-02
5.256305939788445958e-01,5.956864975603075318e-02
5.245457011120151503e-01,5.956864975603075318e-02
5.234608082451858158e-01,5.956864975603075318e-02
5.223759153783563702e-01,5.956864975603075318e-02
5.212910225115270357e-01,5.956864975603075318e-02
5.202061296446975902e-01,5.956864975603075318e-02
5.180363439110388102e-01,6.011109618944545513e-02
5.169514510442093647e-01,6.011109618944545513e-02
5.158665581773800302e-01,6.011109618944545513e-02
5.147816653105505846e-01,6.011109618944545513e-02
5.136967724437211391e-01,6.011109618944545513e-02
5.126118795768918046e-01,6.011109618944545513e-02
5.112557634933549977e-01,6.011109618944545513e-02
5.104420938432330246e-01,6.011109618944545513e-02
5.085435313262814949e-01,6.065354262286015707e-02
5.077298616761595218e-01,6.065354262286015707e-02
5.066449688093300763e-01,6.065354262286015707e-02
5.055600759425006308e-01,6.065354262286015707e-02
5.044751830756712963e-01,6.065354262286015707e-02
5.033902902088418507e-01,6.065354262286015707e-02
5.023053973420125162e-01,6.065354262286015707e-02
5.012205044751830707e-01,6.065354262286015707e-02
4.995931651749389579e-01,6.065354262286015707e-02
4.963384865744507879e-01,6.119598905627485902e-02
4.952535937076213979e-01,6.119598905627485902e-02
4.941687008407919524e-01,6.119598905627485902e-02
4.930838079739625623e-01,6.119598905627485902e-02
4.919989151071331723e-01,6.119598905627485902e-02
4.909140222403037823e-01,6.119598905627485902e-02
4.898291293734743923e-01,6.119598905627485902e-02
4.887442365066449468e-01,6.119598905627485902e-02
4.876593436398155568e-01,6.119598905627485902e-02
4.865744507729861668e-01,6.119598905627485902e-02
4.838622186059126640e-01,6.173843548968955403e-02
4.827773257390832740e-01,6.173843548968955403e-02
4.816924328722538839e-01,6.173843548968955403e-02
4.806075400054244384e-01,6.173843548968955403e-02
4.795226471385950484e-01,6.173843548968955403e-02
4.784377542717656584e-01,6.173843548968955403e-02
4.773528614049362684e-01,6.173843548968955403e-02
4.762679685381068784e-01,6.173843548968955403e-02
4.751830756712774884e-01,6.173843548968955403e-02
4.740981828044480428e-01,6.173843548968955403e-02
4.730132899376186528e-01,6.173843548968955403e-02
4.713859506373745401e-01,6.173843548968955403e-02
4.675888256034716473e-01,6.228088192310425597e-02
4.665039327366422572e-01,6.228088192310425597e-02
4.654190398698128672e-01,6.228088192310425597e-02
4.643341470029834772e-01,6.228088192310425597e-02
4.629780309194467258e-01,6.228088192310425597e-02
4.621643612693246417e-01,6.228088192310425597e-02
4.610794684024952517e-01,6.228088192310425597e-02
4.599945755356658617e-01,6.228088192310425597e-02
4.589096826688364716e-01,6.228088192310425597e-02
4.578247898020070261e-01,6.228088192310425597e-02
4.567398969351776361e-01,6.228088192310425597e-02
4.556550040683482461e-01,6.228088192310425597e-02
4.545701112015188561e-01,6.228088192310425597e-02
4.534852183346894661e-01,6.228088192310425597e-02
4.524003254678600761e-01,6.228088192310425597e-02
4.513154326010306305e-01,6.228088192310425597e-02
4.502305397342012405e-01,6.228088192310425597e-02
4.491456468673718505e-01,6.228088192310425597e-02
4.480607540005424605e-01,6.228088192310425597e-02
4.415513967995660649e-01,6.282332835651895098e-02
4.404665039327366194e-01,6.282332835651895098e-02
4.393816110659072294e-01,6.282332835651895098e-02
4.382967181990778394e-01,6.282332835651895098e-02
4.372118253322484493e-01,6.282332835651895098e-02
4.361269324654190593e-01,6.282332835651895098e-02
4.350420395985896138e-01,6.282332835651895098e-02
4.339571467317602238e-01,6.282332835651895098e-02
4.328722538649308338e-01,6.282332835651895098e-02
4.317873609981014438e-01,6.282332835651895098e-02
4.307024681312720538e-01,6.282332835651895098e-02
4.296175752644426638e-01,6.282332835651895098e-02
4.285326823976132182e-01,6.282332835651895098e-02
4.274477895307838282e-01,6.282332835651895098e-02
4.263628966639544382e-01,6.282332835651895098e-02
4.252780037971250482e-01,6.282332835651895098e-02
4.241931109302956582e-01,6.282332835651895098e-02
4.231082180634662127e-01,6.282332835651895098e-02
4.220233251966368226e-01,6.282332835651895098e-02
4.209384323298074326e-01,6.282332835651895098e-02
4.198535394629780426e-01,6.282332835651895098e-02
4.187686465961486526e-01,6.282332835651895098e-02
4.176837537293192071e-01,6.282332835651895098e-02
4.165988608624898171e-01,6.282332835651895098e-02
4.155139679956604271e-01,6.282332835651895098e-02
4.144290751288310370e-01,6.282332835651895098e-02
4.133441822620016470e-01,6.282332835651895098e-02
4.122592893951722015e-01,6.282332835651895098e-02
4.111743965283428115e-01,6.282332835651895098e-02
4.100895036615134215e-01,6.282332835651895098e-02
4.090046107946840315e-01,6.282332835651895098e-02
4.079197179278546415e-01,6.282332835651895098e-02
4.068348250610252514e-01,6.282332835651895098e-02
4.057499321941958059e-01,6.282332835651895098e-02
4.046650393273664159e-01,6.282332835651895098e-02
4.035801464605370259e-01,6.282332835651895098e-02
4.024952535937076359e-01,6.282332835651895098e-02
4.014103607268782459e-01,6.282332835651895098e-02
4.003254678600488004e-01,6.282332835651895098e-02
3.992405749932194103e-01,6.282332835651895098e-02
3.981556821263900203e-01,6.282332835651895098e-02
3.970707892595606303e-01,6.282332835651895098e-02
3.894765391917547892e-01,6.228088192310425597e-02
3.883916463249253992e-01,6.228088192310425597e-02
3.873067534580960092e-01,6.228088192310425597e-02
3.862218605912666192e-01,6.228088192310425597e-02
3.851369677244372292e-01,6.228088192310425597e-02
3.840520748576077836e-01,6.228088192310425597e-02
3.829671819907783936e-01,6.228088192310425597e-02
3.818822891239490036e-01,6.228088192310425597e-02
3.807973962571196136e-01,6.228088192310425597e-02
3.797125033902902236e-01,6.228088192310425597e-02
3.786276105234608336e-01,6.228088192310425597e-02
3.775427176566313880e-01,6.228088192310425597e-02
3.764578247898019980e-01,6.228088192310425597e-02
3.753729319229726080e-01,6.228088192310425597e-02
3.742880390561432180e-01,6.228088192310425597e-02
3.732031461893138280e-01,6.228088192310425597e-02
3.721182533224843825e-01,6.228088192310425597e-02
3.675074586384594610e-01,6.173843548968955403e-02
3.666937889883373769e-01,6.173843548968955403e-02
3.650664496880933196e-01,6.173843548968955403e-02
3.639815568212638741e-01,6.173843548968955403e-02
3.628966639544344841e-01,6.173843548968955403e-02
3.618117710876050941e-01,6.173843548968955403e-02
3.607268782207757041e-01,6.173843548968955403e-02
3.596419853539463141e-01,6.173843548968955403e-02
3.585570924871169241e-01,6.173843548968955403e-02
3.574721996202874785e-01,6.173843548968955403e-02
3.563873067534580885e-01,6.173843548968955403e-02
3.523189585028478343e-01,6.119598905627485902e-02
3.515052888527258057e-01,6.119598905627485902e-02
3.504203959858964157e-01,6.119598905627485902e-02
3.493355031190669702e-01,6.119598905627485902e-02
3.482506102522375802e-01,6.119598905627485902e-02
3.471657173854081901e-01,6.119598905627485902e-02
3.460808245185788001e-01,6.119598905627485902e-02
3.449959316517494101e-01,6.119598905627485902e-02
3.433685923515052973e-01,6.119598905627485902e-02
3.398426905343097104e-01,6.065354262286015707e-02
3.390290208841876818e-01,6.065354262286015707e-02
3.379441280173582918e-01,6.065354262286015707e-02
3.368592351505289018e-01,6.065354262286015707e-02
3.357743422836995117e-01,6.065354262286015707e-02
3.346894494168700662e-01,6.065354262286015707e-02
3.336045565500406762e-01,6.065354262286015707e-02
3.325196636832112862e-01,6.065354262286015707e-02
3.298074315161377834e-01,6.011109618944545513e-02
3.287225386493083934e-01,6.011109618944545513e-02
3.276376457824790034e-01,6.011109618944545513e-02
3.265527529156495579e-01,6.011109618944545513e-02
3.254678600488201679e-01,6.011109618944545513e-02
3.243829671819907778e-01,6.011109618944545513e-02
3.232980743151613878e-01,6.011109618944545513e-02
3.203146189313805237e-01,5.956864975603075318e-02
3.192297260645511336e-01,5.956864975603075318e-02
3.184160564144290495e-01,5.956864975603075318e-02
3.173311635475996595e-01,5.956864975603075318e-02
3.162462706807702695e-01,5.956864975603075318e-02
3.146189313805261567e-01,5.956864975603075318e-02
3.121779224301600153e-01,5.902620332261605818e-02
3.113642527800379867e-01,5.902620332261605818e-02
3.102793599132085967e-01,5.902620332261605818e-02
3.091944670463791511e-01,5.902620332261605818e-02
3.081095741795497611e-01,5.902620332261605818e-02
3.070246813127203711e-01,5.902620332261605818e-02
3.043124491456468683e-01,5.848375688920135623e-02
3.032275562788174783e-01,5.848375688920135623e-02
3.021426634119880883e-01,5.848375688920135623e-02
3.010577705451586428e-01,5.848375688920135623e-02
2.999728776783292528e-01,5.848375688920135623e-02
2.975318687279631114e-01,5.794131045578665429e-02
2.967181990778410827e-01,5.794131045578665429e-02
2.956333062110116372e-01,5.794131045578665429e-02
2.945484133441822472e-01,5.794131045578665429e-02
2.934635204773528572e-01,5.794131045578665429e-02
2.904800650935719930e-01,5.739886402237195234e-02
2.896663954434499644e-01,5.739886402237195234e-02
2.885815025766205744e-01,5.739886402237195234e-02
2.874966097097911844e-01,5.739886402237195234e-02
2.864117168429617388e-01,5.739886402237195234e-02
2.845131543260103202e-01,5.685641758895725040e-02
2.836994846758882360e-01,5.685641758895725040e-02
2.826145918090588460e-01,5.685641758895725040e-02
2.815296989422294560e-01,5.685641758895725040e-02
2.804448060754000660e-01,5.685641758895725040e-02
2.785462435584485918e-01,5.631397115554255539e-02
2.777325739083265632e-01,5.631397115554255539e-02
2.766476810414971732e-01,5.631397115554255539e-02
2.755627881746677277e-01,5.631397115554255539e-02
2.744778953078383377e-01,5.631397115554255539e-02
2.720368863574721963e-01,5.577152472212785345e-02
2.712232167073501676e-01,5.577152472212785345e-02
2.701383238405207221e-01,5.577152472212785345e-02
2.690534309736913321e-01,5.577152472212785345e-02
2.668836452400325521e-01,5.522907828871315150e-02
2.657987523732031621e-01,5.522907828871315150e-02
2.647138595063737720e-01,5.522907828871315150e-02
2.633577434228370207e-01,5.522907828871315150e-02
2.617304041225929079e-01,5.468663185529845649e-02
2.609167344724708237e-01,5.468663185529845649e-02
2.598318416056414337e-01,5.468663185529845649e-02
2.587469487388120437e-01,5.468663185529845649e-02
2.568483862218605696e-01,5.414418542188375455e-02
2.560347165717385409e-01,5.414418542188375455e-02
2.549498237049091509e-01,5.414418542188375455e-02
2.538649308380797609e-01,5.414418542188375455e-02
2.519663683211282867e-01,5.360173898846905260e-02
2.511526986710062581e-01,5.360173898846905260e-02
2.500678058041768126e-01,5.360173898846905260e-02
2.489829129373474503e-01,5.360173898846905260e-02
2.470843504203959762e-01,5.305929255505435066e-02
2.462706807702739475e-01,5.305929255505435066e-02
2.451857879034445298e-01,5.305929255505435066e-02
2.441008950366151398e-01,5.305929255505435066e-02
2.419311093029563320e-01,5.251684612163964871e-02
2.408462164361269420e-01,5.251684612163964871e-02
2.397613235692975242e-01,5.251684612163964871e-02
2.375915378356387442e-01,5.197439968822495371e-02
2.365066449688093264e-01,5.197439968822495371e-02
2.354217521019799364e-01,5.197439968822495371e-02
2.332519663683211286e-01,5.143195325481025176e-02
2.321670735014917386e-01,5.143195325481025176e-02
2.310821806346623208e-01,5.143195325481025176e-02
2.294548413344182358e-01,5.088950682139554982e-02
2.283699484675888181e-01,5.088950682139554982e-02
2.272850556007594280e-01,5.088950682139554982e-02
2.251152698671006203e-01,5.034706038798085481e-02
2.240303770002712302e-01,5.034706038798085481e-02
2.213181448331977275e-01,4.980461395456615287e-02
2.202332519663683097e-01,4.980461395456615287e-02
2.191483590995389197e-01,4.980461395456615287e-02
2.177922430160021683e-01,4.926216752115145092e-02
2.169785733658801119e-01,4.926216752115145092e-02
2.158936804990507219e-01,4.926216752115145092e-02
2.139951179820992755e-01,4.871972108773674898e-02
2.131814483319772191e-01,4.871972108773674898e-02
2.120965554651478291e-01,4.871972108773674898e-02
2.101979929481963549e-01,4.817727465432204703e-02
2.093843232980743263e-01,4.817727465432204703e-02
2.082994304312449085e-01,4.817727465432204703e-02
2.064008679142934621e-01,4.763482822090735203e-02
2.055871982641714057e-01,4.763482822090735203e-02
2.031461893138052643e-01,4.709238178749265008e-02
2.023325196636832080e-01,4.709238178749265008e-02
2.012476267968538179e-01,4.709238178749265008e-02
1.996202874966097052e-01,4.654993535407794814e-02
1.985353946297803152e-01,4.654993535407794814e-02
1.960943856794141460e-01,4.600748892066325313e-02
1.952807160292921174e-01,4.638720142405354518e-02
1.941958231624626996e-01,4.736360500419999758e-02
1.933821535123406432e-01,4.871972108773674898e-02
1.933821535123406432e-01,4.953339073785879842e-02
1.933821535123406432e-01,5.061828360468820232e-02
1.928397070789259482e-01,5.224562290493230121e-02
1.928397070789259482e-01,5.333051577176170510e-02
1.922972606455112532e-01,5.550030150542050594e-02
1.922972606455112532e-01,5.658519437224990289e-02
1.917548142120965582e-01,5.794131045578665429e-02
1.917548142120965582e-01,5.875498010590870374e-02
1.917548142120965582e-01,5.983987297273810763e-02
1.912123677786818632e-01,6.146721227298220652e-02
1.912123677786818632e-01,6.255210513981160347e-02
1.906699213452671682e-01,6.390822122334835487e-02
1.898562516951451118e-01,6.472189087347041125e-02
1.887713588283156940e-01,6.499311409017775876e-02
1.876864659614863040e-01,6.499311409017775876e-02
1.855166802278274962e-01,6.445066765676306375e-02
1.844317873609981062e-01,6.445066765676306375e-02
1.822620016273392984e-01,6.390822122334835487e-02
1.811771087605099084e-01,6.390822122334835487e-02
1.795497694602657957e-01,6.336577478993365986e-02
1.784648765934364056e-01,6.336577478993365986e-02
1.762950908597775979e-01,6.282332835651895098e-02
1.752101979929482078e-01,6.282332835651895098e-02
1.733116354759967337e-01,6.228088192310425597e-02
1.724979658258747051e-01,6.200965870639690847e-02
1.716842961757526487e-01,6.092476583956750458e-02
1.716842961757526487e-01,6.011109618944545513e-02
1.716842961757526487e-01,5.875498010590870374e-02
1.716842961757526487e-01,5.767008723907930678e-02
1.722267426091673437e-01,5.550030150542050594e-02
1.722267426091673437e-01,5.441540863859110205e-02
1.727691890425820387e-01,5.224562290493230121e-02
1.727691890425820387e-01,5.116073003810289732e-02
1.733116354759967337e-01,4.953339073785879842e-02
1.733116354759967337e-01,4.844849787102939453e-02
1.738540819094114565e-01,4.627871213737060063e-02
1.738540819094114565e-01,4.519381927054119674e-02
1.738540819094114565e-01,4.410892640371179285e-02
1.738540819094114565e-01,4.329525675358975034e-02
1.730404122592894001e-01,4.248158710346769396e-02
1.714130729590452873e-01,4.166791745334564451e-02
1.703281800922158973e-01,4.166791745334564451e-02
1.687008407919717845e-01,4.112547101993094256e-02
1.676159479251423945e-01,4.112547101993094256e-02
1.659886086248982817e-01,4.058302458651624756e-02
1.649037157580688917e-01,4.058302458651624756e-02
1.632763764578247789e-01,4.004057815310154561e-02
1.621914835909953889e-01,4.004057815310154561e-02
1.605641442907512761e-01,3.949813171968684367e-02
1.594792514239218861e-01,3.949813171968684367e-02
1.578519121236777734e-01,3.895568528627214866e-02
1.567670192568483833e-01,3.895568528627214866e-02
1.554109031733116320e-01,3.841323885285743978e-02
1.545972335231895756e-01,3.841323885285743978e-02
1.526986710062381292e-01,3.787079241944274477e-02
1.518850013561160728e-01,3.787079241944274477e-02
1.499864388391646264e-01,3.732834598602804282e-02
1.491727691890425700e-01,3.732834598602804282e-02
1.478166531055058186e-01,3.678589955261334088e-02
1.470029834553837900e-01,3.678589955261334088e-02
1.453756441551396772e-01,3.624345311919864587e-02
1.442907512883102872e-01,3.624345311919864587e-02
1.429346352047735358e-01,3.570100668578394393e-02
1.421209655546514794e-01,3.570100668578394393e-02
1.407648494711147280e-01,3.515856025236924198e-02
1.399511798209926716e-01,3.515856025236924198e-02
1.385950637374559202e-01,3.461611381895454698e-02
1.377813940873338638e-01,3.461611381895454698e-02
1.358828315703824174e-01,3.407366738553983809e-02
1.350691619202603611e-01,3.407366738553983809e-02
1.337130458367236374e-01,3.353122095212514309e-02
1.328993761866015810e-01,3.353122095212514309e-02
1.315432601030648296e-01,3.298877451871044114e-02
1.307295904529427732e-01,3.298877451871044114e-02
1.293734743694060219e-01,3.244632808529573920e-02
1.285598047192839655e-01,3.244632808529573920e-02
1.272036886357472141e-01,3.190388165188103725e-02
1.263900189856251577e-01,3.190388165188103725e-02
1.250339029020884063e-01,3.136143521846634225e-02
1.242202332519663638e-01,3.136143521846634225e-02
1.228641171684296124e-01,3.081898878505164030e-02
1.220504475183075699e-01,3.081898878505164030e-02
1.204231082180634710e-01,3.027654235163693835e-02
1.190669921345267196e-01,2.973409591822223641e-02
1.182533224844046632e-01,2.973409591822223641e-02
1.168972064008679118e-01,2.919164948480754140e-02
1.160835367507458693e-01,2.919164948480754140e-02
1.144561974505017565e-01,2.864920305139283946e-02
1.122864117168429626e-01,2.810675661797813751e-02
1.106590724165988637e-01,2.756431018456343557e-02
1.084892866829400560e-01,2.702186375114874056e-02
1.068619473826959571e-01,2.647941731773403862e-02
1.046921616490371632e-01,2.593697088431933667e-02
1.030648223487930504e-01,2.539452445090463473e-02
1.017087062652563129e-01,2.485207801748993972e-02
1.008950366151342565e-01,2.485207801748993972e-02
9.926769731489015758e-02,2.430963158407523778e-02
9.764035801464605868e-02,2.376718515066053583e-02
9.601301871440194591e-02,2.322473871724583389e-02
9.438567941415784701e-02,2.268229228383113888e-02
9.275834011391374812e-02,2.213984585041643693e-02
9.140222403037699672e-02,2.159739941700173499e-02
9.058855438025495421e-02,2.159739941700173499e-02
8.896121508001085532e-02,2.105495298358703304e-02
8.733387577976674254e-02,2.051250655017233110e-02
8.597775969622999115e-02,1.997006011675763609e-02
8.462164361269323976e-02,1.942761368334293415e-02
8.299430431244914086e-02,1.888516724992823220e-02
8.136696501220504196e-02,1.834272081651353026e-02
7.973962571196094307e-02,1.780027438309883525e-02
7.811228641171684417e-02,1.725782794968413331e-02
7.675617032818009278e-02,1.671538151626943136e-02
7.540005424464334138e-02,1.617293508285472942e-02
7.377271494439924249e-02,1.563048864944003441e-02
7.241659886086249109e-02,1.508804221602533246e-02
7.106048277732573970e-02,1.454559578261063052e-02
6.943314347708164080e-02,1.400314934919592857e-02
6.807702739354488941e-02,1.346070291578123357e-02
6.672091131000813802e-02,1.291825648236653162e-02
6.536479522647138662e-02,1.237581004895182968e-02
6.400867914293463523e-02,1.183336361553712773e-02
6.265256305939788384e-02,1.129091718212242579e-02
6.156767019256848689e-02,1.074847074870773078e-02
6.021155410903173549e-02,1.020602431529302884e-02
5.885543802549498410e-02,9.663577881878326892e-03
5.777054515866558021e-02,9.121131448463624947e-03
5.641442907512882882e-02,8.578685015048929940e-03
5.532953620829943187e-02,8.036238581634227995e-03
5.397342012476268047e-02,7.493792148219526050e-03
5.288852725793327658e-02,6.951345714804824105e-03
5.180363439110387963e-02,6.408899281390129099e-03
5.071874152427447574e-02,5.866452847975427154e-03
4.963384865744507879e-02,5.324006414560725209e-03
4.882017900732302934e-02,5.052783197853377706e-03
4.773528614049362545e-02,4.510336764438675761e-03
4.665039327366422850e-02,3.967890331023973816e-03
4.556550040683482461e-02,3.425443897609271870e-03
4.448060754000542766e-02,2.882997464194576864e-03
4.339571467317602377e-02,2.340551030779874919e-03
4.203959858963927237e-02,1.526881380657818532e-03
4.095470572280987542e-02,9.844349472431235260e-04
3.986981285598047153e-02,4.419885138284285198e-04
3.878491998915107458e-02,-1.004579195862803642e-04
3.742880390561432319e-02,-9.141275697083228735e-04
3.607268782207757180e-02,-1.727797219830379261e-03
3.498779495524816791e-02,-2.270243653245074267e-03
3.363167887171141651e-02,-3.083913303367130654e-03
3.200433957146731762e-02,-4.168806170196534544e-03
3.091944670463791719e-02,-4.711252603611229550e-03
2.929210740439381483e-02,-5.796145470440633440e-03
2.766476810414971593e-02,-6.881038337270037331e-03
2.603742880390561357e-02,-7.965931204099427343e-03
2.468131272036886217e-02,-8.779600854221483730e-03
2.386764307024681273e-02,-9.593270504343526239e-03
2.278275020341741230e-02,-1.013571693775823512e-02
2.169785733658801188e-02,-1.122060980458763901e-02
2.061296446975861146e-02,-1.176305623800233402e-02
1.952807160292921104e-02,-1.284794910483173791e-02
1.817195551939245965e-02,-1.366161875495378042e-02
1.735828586927041020e-02,-1.447528840507583681e-02
1.627339300244100978e-02,-1.556018127190524070e-02
1.518850013561160762e-02,-1.664507413873463071e-02
1.410360726878220720e-02,-1.718752057214933959e-02
1.301871440195280678e-02,-1.827241343897874348e-02
1.193382153512340636e-02,-1.935730630580813350e-02
1.084892866829400594e-02,-2.044219917263753739e-02
1.003525901817195476e-02,-2.152709203946694128e-02
9.221589368049905311e-03,-2.261198490629634517e-02
8.136696501220504890e-03,-2.369687777312573518e-02
7.323026851098453707e-03,-2.478177063995513907e-02
6.509357200976403392e-03,-2.586666350678454296e-02
5.695687550854353076e-03,-2.695155637361394685e-02
5.153241117439652866e-03,-2.776522602373598936e-02
4.610794684024952655e-03,-2.857889567385804575e-02
4.068348250610252445e-03,-2.939256532398008825e-02
3.525901817195551801e-03,-3.020623497410214464e-02
2.983455383780851591e-03,-3.129112784093154853e-02
2.441008950366151380e-03,-3.237602070776093854e-02
1.898562516951450953e-03,-3.346091357459034243e-02
1.898562516951450953e-03,-3.427458322471239882e-02
1.356116083536750743e-03,-3.508825287483444133e-02
1.356116083536750743e-03,-3.590192252495649772e-02
8.136696501220504240e-04,-3.671559217507855410e-02
5.424464334147003188e-04,-3.780048504190794412e-02
5.424464334147003188e-04,-3.877688862205441733e-02
2.712232167073501594e-04,-3.997027077556675190e-02
2.712232167073501594e-04,-4.105516364239615579e-02
