1.084892866829396734e-04,-4.015265522262685682e-02
0.000000000000000000e+00,-4.150877130616360822e-02
0.000000000000000000e+00,-4.259366417299301211e-02
0.000000000000000000e+00,-4.367855703982241600e-02
2.712232167073501594e-04,-4.503467312335916739e-02
5.424464334147003188e-04,-4.601107670350562673e-02
1.356116083536750743e-03,-4.666201242360326629e-02
1.898562516951450953e-03,-4.747568207372530880e-02
2.441008950366151380e-03,-4.828935172384736518e-02
3.254678600488201696e-03,-4.910302137396940769e-02
4.339571467317602550e-03,-4.991669102409146408e-02
5.424464334147002971e-03,-5.045913745750615909e-02
6.509357200976403392e-03,-5.100158389092086797e-02
7.594250067805803812e-03,-5.127280710762821547e-02
8.679142934635205101e-03,-5.181525354104291048e-02
9.764035801464605521e-03,-5.197798747106732731e-02
1.084892866829400594e-02,-5.235769997445761936e-02
1.193382153512340636e-02,-5.235769997445761936e-02
1.301871440195280678e-02,-5.290014640787231437e-02
1.410360726878220720e-02,-5.290014640787231437e-02
1.518850013561160762e-02,-5.344259284128700938e-02
1.627339300244100978e-02,-5.344259284128700938e-02
1.735828586927041020e-02,-5.360532677131142620e-02
1.844317873609981062e-02,-5.398503927470171826e-02
1.952807160292921104e-02,-5.398503927470171826e-02
2.061296446975861146e-02,-5.425626249140906576e-02
2.169785733658801188e-02,-5.452748570811641327e-02
2.278275020341741230e-02,-5.452748570811641327e-02
2.386764307024681273e-02,-5.452748570811641327e-02
2.495253593707621315e-02,-5.479870892482376077e-02
2.603742880390561357e-02,-5.506993214153112215e-02
2.712232167073501399e-02,-5.506993214153112215e-02
2.820721453756441441e-02,-5.506993214153112215e-02
2.929210740439381483e-02,-5.506993214153112215e-02
3.037700027122321525e-02,-5.506993214153112215e-02
3.119066992134526817e-02,-5.506993214153112215e-02
3.254678600488201956e-02,-5.561237857494581716e-02
3.363167887171141651e-02,-5.561237857494581716e-02
3.471657173854082040e-02,-5.561237857494581716e-02
3.580146460537021735e-02,-5.561237857494581716e-02
3.688635747219962124e-02,-5.561237857494581716e-02
3.797125033902901819e-02,-5.561237857494581716e-02
3.905614320585842208e-02,-5.561237857494581716e-02
4.014103607268781904e-02,-5.561237857494581716e-02
4.122592893951722293e-02,-5.561237857494581716e-02
4.231082180634661988e-02,-5.561237857494581716e-02
4.339571467317602377e-02,-5.561237857494581716e-02
4.448060754000542766e-02,-5.561237857494581716e-02
4.556550040683482461e-02,-5.561237857494581716e-02
4.665039327366422850e-02,-5.561237857494581716e-02
4.773528614049362545e-02,-5.561237857494581716e-02
4.882017900732302934e-02,-5.561237857494581716e-02
4.990507187415242629e-02,-5.561237857494581716e-02
5.098996474098183018e-02,-5.561237857494581716e-02
5.207485760781122713e-02,-5.561237857494581716e-02
5.315975047464063102e-02,-5.561237857494581716e-02
5.424464334147002798e-02,-5.561237857494581716e-02
5.532953620829943187e-02,-5.561237857494581716e-02
5.641442907512882882e-02,-5.561237857494581716e-02
5.749932194195823271e-02,-5.561237857494581716e-02
5.858421480878762966e-02,-5.561237857494581716e-02
5.966910767561703355e-02,-5.561237857494581716e-02
6.075400054244643050e-02,-5.561237857494581716e-02
6.183889340927583439e-02,-5.561237857494581716e-02
6.292378627610523134e-02,-5.561237857494581716e-02
6.400867914293463523e-02,-5.561237857494581716e-02
6.509357200976403912e-02,-5.561237857494581716e-02
6.617846487659344301e-02,-5.561237857494581716e-02
6.726335774342283302e-02,-5.561237857494581716e-02
6.834825061025223691e-02,-5.561237857494581716e-02
6.916192026037429330e-02,-5.561237857494581716e-02
7.024681312720368331e-02,-5.561237857494581716e-02
7.160292921074043471e-02,-5.561237857494581716e-02
7.648494711147274527e-02,-5.506993214153112215e-02
7.756983997830214916e-02,-5.506993214153112215e-02
7.865473284513153918e-02,-5.506993214153112215e-02
7.973962571196094307e-02,-5.506993214153112215e-02
8.082451857879034696e-02,-5.506993214153112215e-02
8.190941144561975085e-02,-5.506993214153112215e-02
8.299430431244914086e-02,-5.506993214153112215e-02
8.407919717927854475e-02,-5.506993214153112215e-02
8.516409004610794864e-02,-5.506993214153112215e-02
8.624898291293735253e-02,-5.506993214153112215e-02
9.004610794684024533e-02,-5.452748570811641327e-02
9.167344724708434422e-02,-5.452748570811641327e-02
9.275834011391374812e-02,-5.452748570811641327e-02
9.384323298074315201e-02,-5.452748570811641327e-02
9.492812584757255590e-02,-5.452748570811641327e-02
9.601301871440194591e-02,-5.452748570811641327e-02
9.709791158123134980e-02,-5.452748570811641327e-02
9.791158123135340619e-02,-5.452748570811641327e-02
1.014374830485489515e-01,-5.398503927470171826e-02
1.030648223487930504e-01,-5.398503927470171826e-02
1.041497152156224543e-01,-5.398503927470171826e-02
1.052346080824518582e-01,-5.398503927470171826e-02
1.063195009492812620e-01,-5.398503927470171826e-02
1.074043938161106659e-01,-5.398503927470171826e-02
1.084892866829400560e-01,-5.398503927470171826e-02
1.093029563330621123e-01,-5.398503927470171826e-02
1.128288581502576576e-01,-5.344259284128700938e-02
1.139137510170870615e-01,-5.344259284128700938e-02
1.149986438839164654e-01,-5.344259284128700938e-02
1.160835367507458693e-01,-5.344259284128700938e-02
1.171684296175752593e-01,-5.344259284128700938e-02
1.182533224844046632e-01,-5.344259284128700938e-02
1.193382153512340671e-01,-5.344259284128700938e-02
1.220504475183075699e-01,-5.290014640787231437e-02
1.231353403851369738e-01,-5.290014640787231437e-02
1.242202332519663638e-01,-5.290014640787231437e-02
1.253051261187957677e-01,-5.290014640787231437e-02
1.263900189856251577e-01,-5.290014640787231437e-02
1.274749118524545755e-01,-5.290014640787231437e-02
1.285598047192839655e-01,-5.290014640787231437e-02
1.293734743694060219e-01,-5.290014640787231437e-02
1.318144833197721633e-01,-5.235769997445761936e-02
1.328993761866015810e-01,-5.235769997445761936e-02
1.339842690534309710e-01,-5.235769997445761936e-02
1.350691619202603611e-01,-5.235769997445761936e-02
1.361540547870897788e-01,-5.235769997445761936e-02
1.372389476539191688e-01,-5.235769997445761936e-02
1.383238405207485866e-01,-5.235769997445761936e-02
1.415785191212367844e-01,-5.181525354104291048e-02
1.426634119880661744e-01,-5.181525354104291048e-02
1.437483048548955922e-01,-5.181525354104291048e-02
1.448331977217249822e-01,-5.181525354104291048e-02
1.459180905885543722e-01,-5.181525354104291048e-02
1.470029834553837900e-01,-5.181525354104291048e-02
1.508001084892866828e-01,-5.127280710762821547e-02
1.518850013561160728e-01,-5.127280710762821547e-02
1.529698942229454905e-01,-5.127280710762821547e-02
1.540547870897748806e-01,-5.127280710762821547e-02
1.551396799566042983e-01,-5.127280710762821547e-02
1.562245728234336883e-01,-5.127280710762821547e-02
1.570382424735557447e-01,-5.127280710762821547e-02
1.605641442907512761e-01,-5.073036067421352047e-02
1.616490371575806939e-01,-5.073036067421352047e-02
1.627339300244100839e-01,-5.073036067421352047e-02
1.638188228912395017e-01,-5.073036067421352047e-02
1.649037157580688917e-01,-5.073036067421352047e-02
1.659886086248982817e-01,-5.073036067421352047e-02
1.692432872253864795e-01,-5.018791424079881158e-02
1.703281800922158973e-01,-5.018791424079881158e-02
1.714130729590452873e-01,-5.018791424079881158e-02
1.724979658258747051e-01,-5.018791424079881158e-02
1.735828586927040951e-01,-5.018791424079881158e-02
1.746677515595334851e-01,-5.018791424079881158e-02
1.754814212096555415e-01,-5.018791424079881158e-02
1.776512069433143493e-01,-4.964546780738411658e-02
1.790073230268511006e-01,-4.964546780738411658e-02
1.800922158936804907e-01,-4.964546780738411658e-02
1.811771087605099084e-01,-4.964546780738411658e-02
1.822620016273392984e-01,-4.964546780738411658e-02
1.833468944941686884e-01,-4.964546780738411658e-02
1.841605641442907448e-01,-4.964546780738411658e-02
1.871440195280716090e-01,-4.910302137396940769e-02
1.882289123949009990e-01,-4.910302137396940769e-02
1.893138052617304168e-01,-4.910302137396940769e-02
1.903986981285598068e-01,-4.910302137396940769e-02
1.914835909953891968e-01,-4.910302137396940769e-02
1.925684838622186146e-01,-4.910302137396940769e-02
1.933821535123406432e-01,-4.910302137396940769e-02
1.958231624627068124e-01,-4.856057494055471269e-02
1.969080553295362024e-01,-4.856057494055471269e-02
1.979929481963656202e-01,-4.856057494055471269e-02
1.990778410631950102e-01,-4.856057494055471269e-02
2.001627339300244002e-01,-4.856057494055471269e-02
2.012476267968538179e-01,-4.856057494055471269e-02
2.045023053973420157e-01,-4.801812850714001768e-02
2.055871982641714057e-01,-4.801812850714001768e-02
2.066720911310008235e-01,-4.801812850714001768e-02
2.077569839978302135e-01,-4.801812850714001768e-02
2.088418768646596035e-01,-4.801812850714001768e-02
2.099267697314890213e-01,-4.801812850714001768e-02
2.137238947653919141e-01,-4.747568207372530880e-02
2.148087876322213319e-01,-4.747568207372530880e-02
2.158936804990507219e-01,-4.747568207372530880e-02
2.169785733658801119e-01,-4.747568207372530880e-02
2.180634662327095297e-01,-4.747568207372530880e-02
2.191483590995389197e-01,-4.747568207372530880e-02
2.224030377000271175e-01,-4.693323564031061379e-02
2.234879305668565352e-01,-4.693323564031061379e-02
2.245728234336859253e-01,-4.693323564031061379e-02
2.256577163005153153e-01,-4.693323564031061379e-02
2.267426091673447330e-01,-4.693323564031061379e-02
2.278275020341741230e-01,-4.693323564031061379e-02
2.286411716842961794e-01,-4.693323564031061379e-02
2.316246270680770158e-01,-4.639078920689591878e-02
2.327095199349064336e-01,-4.639078920689591878e-02
2.337944128017358236e-01,-4.639078920689591878e-02
2.348793056685652414e-01,-4.639078920689591878e-02
2.359641985353946314e-01,-4.639078920689591878e-02
2.370490914022240214e-01,-4.639078920689591878e-02
2.378627610523460778e-01,-4.639078920689591878e-02
2.403037700027122192e-01,-4.584834277348120990e-02
2.419311093029563320e-01,-4.584834277348120990e-02
2.430160021697857220e-01,-4.584834277348120990e-02
2.441008950366151398e-01,-4.584834277348120990e-02
2.451857879034445298e-01,-4.584834277348120990e-02
2.462706807702739475e-01,-4.584834277348120990e-02
2.500678058041768126e-01,-4.530589634006651489e-02
2.511526986710062581e-01,-4.530589634006651489e-02
2.522375915378356481e-01,-4.530589634006651489e-02
2.533224844046650381e-01,-4.530589634006651489e-02
2.544073772714944282e-01,-4.530589634006651489e-02
2.557634933550311795e-01,-4.530589634006651489e-02
2.587469487388120437e-01,-4.476344990665180601e-02
2.598318416056414337e-01,-4.476344990665180601e-02
2.609167344724708237e-01,-4.476344990665180601e-02
2.620016273393002693e-01,-4.476344990665180601e-02
2.630865202061296593e-01,-4.476344990665180601e-02
2.641714130729590493e-01,-4.476344990665180601e-02
2.674260916734472748e-01,-4.422100347323711100e-02
2.685109845402766648e-01,-4.422100347323711100e-02
2.695958774071060549e-01,-4.422100347323711100e-02
2.706807702739354449e-01,-4.422100347323711100e-02
2.717656631407648349e-01,-4.422100347323711100e-02
2.728505560075942249e-01,-4.422100347323711100e-02
2.739354488744236704e-01,-4.422100347323711100e-02
2.766476810414971732e-01,-4.367855703982241600e-02
2.777325739083265632e-01,-4.367855703982241600e-02
2.788174667751559532e-01,-4.367855703982241600e-02
2.799023596419853432e-01,-4.367855703982241600e-02
2.809872525088147333e-01,-4.367855703982241600e-02
2.820721453756441788e-01,-4.367855703982241600e-02
2.831570382424735688e-01,-4.367855703982241600e-02
2.858692704095470716e-01,-4.313611060640770711e-02
2.869541632763764616e-01,-4.313611060640770711e-02
2.880390561432058516e-01,-4.313611060640770711e-02
2.891239490100352416e-01,-4.313611060640770711e-02
2.902088418768646871e-01,-4.313611060640770711e-02
2.912937347436940771e-01,-4.313611060640770711e-02
2.923786276105234672e-01,-4.313611060640770711e-02
2.956333062110116372e-01,-4.259366417299301211e-02
2.967181990778410827e-01,-4.259366417299301211e-02
2.978030919446704727e-01,-4.259366417299301211e-02
2.988879848114998627e-01,-4.259366417299301211e-02
2.999728776783292528e-01,-4.259366417299301211e-02
3.010577705451586428e-01,-4.259366417299301211e-02
3.018714401952807269e-01,-4.259366417299301211e-02
3.048548955790615911e-01,-4.205121773957830322e-02
3.059397884458909811e-01,-4.205121773957830322e-02
3.070246813127203711e-01,-4.205121773957830322e-02
3.081095741795497611e-01,-4.205121773957830322e-02
3.091944670463791511e-01,-4.205121773957830322e-02
3.102793599132085967e-01,-4.205121773957830322e-02
3.113642527800379867e-01,-4.205121773957830322e-02
3.140764849471114895e-01,-4.150877130616360822e-02
3.151613778139408795e-01,-4.150877130616360822e-02
3.162462706807702695e-01,-4.150877130616360822e-02
3.173311635475996595e-01,-4.150877130616360822e-02
3.184160564144290495e-01,-4.150877130616360822e-02
3.195009492812584950e-01,-4.150877130616360822e-02
3.205858421480878850e-01,-4.150877130616360822e-02
3.235692975318687492e-01,-4.096632487274891321e-02
3.249254136154055006e-01,-4.096632487274891321e-02
3.260103064822348906e-01,-4.096632487274891321e-02
3.270951993490642806e-01,-4.096632487274891321e-02
3.281800922158936706e-01,-4.096632487274891321e-02
3.292649850827230606e-01,-4.096632487274891321e-02
3.303498779495525062e-01,-4.096632487274891321e-02
3.341470029834553990e-01,-4.042387843933420433e-02
3.352318958502847890e-01,-4.042387843933420433e-02
3.363167887171141790e-01,-4.042387843933420433e-02
3.374016815839435690e-01,-4.042387843933420433e-02
3.384865744507729590e-01,-4.042387843933420433e-02
3.395714673176024045e-01,-4.042387843933420433e-02
3.403851369677244332e-01,-4.042387843933420433e-02
3.428261459180905746e-01,-3.988143200591950932e-02
3.439110387849199646e-01,-3.988143200591950932e-02
3.449959316517494101e-01,-3.988143200591950932e-02
3.460808245185788001e-01,-3.988143200591950932e-02
3.471657173854081901e-01,-3.988143200591950932e-02
3.482506102522375802e-01,-3.988143200591950932e-02
3.493355031190669702e-01,-3.988143200591950932e-02
3.528614049362625571e-01,-3.933898557250481431e-02
3.542175210197993085e-01,-3.933898557250481431e-02
3.553024138866286985e-01,-3.933898557250481431e-02
3.563873067534580885e-01,-3.933898557250481431e-02
3.574721996202874785e-01,-3.933898557250481431e-02
3.585570924871169241e-01,-3.933898557250481431e-02
3.596419853539463141e-01,-3.933898557250481431e-02
3.628966639544344841e-01,-3.879653913909010543e-02
3.639815568212638741e-01,-3.879653913909010543e-02
3.650664496880933196e-01,-3.879653913909010543e-02
3.661513425549227096e-01,-3.879653913909010543e-02
3.672362354217520997e-01,-3.879653913909010543e-02
3.683211282885814897e-01,-3.879653913909010543e-02
3.694060211554108797e-01,-3.879653913909010543e-02
3.702196908055329638e-01,-3.879653913909010543e-02
3.732031461893138280e-01,-3.825409270567541042e-02
3.742880390561432180e-01,-3.825409270567541042e-02
3.753729319229726080e-01,-3.825409270567541042e-02
3.764578247898019980e-01,-3.825409270567541042e-02
3.775427176566313880e-01,-3.825409270567541042e-02
3.786276105234608336e-01,-3.825409270567541042e-02
3.794412801735828622e-01,-3.825409270567541042e-02
3.829671819907783936e-01,-3.771164627226070154e-02
3.840520748576077836e-01,-3.771164627226070154e-02
3.851369677244372292e-01,-3.771164627226070154e-02
3.862218605912666192e-01,-3.771164627226070154e-02
3.873067534580960092e-01,-3.771164627226070154e-02
3.883916463249253992e-01,-3.771164627226070154e-02
3.894765391917547892e-01,-3.771164627226070154e-02
3.902902088418768733e-01,-3.771164627226070154e-02
3.932736642256577375e-01,-3.716919983884600653e-02
3.949010035259017948e-01,-3.716919983884600653e-02
3.959858963927312403e-01,-3.716919983884600653e-02
3.970707892595606303e-01,-3.716919983884600653e-02
3.981556821263900203e-01,-3.716919983884600653e-02
3.992405749932194103e-01,-3.716919983884600653e-02
4.000542446433414945e-01,-3.716919983884600653e-02
4.035801464605370259e-01,-3.662675340543131153e-02
4.046650393273664159e-01,-3.662675340543131153e-02
4.057499321941958059e-01,-3.662675340543131153e-02
4.068348250610252514e-01,-3.662675340543131153e-02
4.079197179278546415e-01,-3.662675340543131153e-02
4.090046107946840315e-01,-3.662675340543131153e-02
4.100895036615134215e-01,-3.662675340543131153e-02
4.133441822620016470e-01,-3.608430697201660264e-02
4.144290751288310370e-01,-3.608430697201660264e-02
4.155139679956604271e-01,-3.608430697201660264e-02
4.165988608624898171e-01,-3.608430697201660264e-02
4.176837537293192071e-01,-3.608430697201660264e-02
4.187686465961486526e-01,-3.608430697201660264e-02
4.198535394629780426e-01,-3.608430697201660264e-02
4.209384323298074326e-01,-3.608430697201660264e-02
4.236506644968809354e-01,-3.554186053860190764e-02
4.252780037971250482e-01,-3.554186053860190764e-02
4.263628966639544382e-01,-3.554186053860190764e-02
4.274477895307838282e-01,-3.554186053860190764e-02
4.285326823976132182e-01,-3.554186053860190764e-02
4.296175752644426638e-01,-3.554186053860190764e-02
4.307024681312720538e-01,-3.554186053860190764e-02
4.315161377813940824e-01,-3.554186053860190764e-02
4.339571467317602238e-01,-3.499941410518721263e-02
4.350420395985896138e-01,-3.499941410518721263e-02
4.361269324654190593e-01,-3.499941410518721263e-02
4.372118253322484493e-01,-3.499941410518721263e-02
4.382967181990778394e-01,-3.499941410518721263e-02
4.393816110659072294e-01,-3.499941410518721263e-02
4.404665039327366194e-01,-3.499941410518721263e-02
4.415513967995660649e-01,-3.499941410518721263e-02
4.442636289666395677e-01,-3.445696767177250375e-02
4.453485218334689577e-01,-3.445696767177250375e-02
4.464334147002983477e-01,-3.445696767177250375e-02
4.475183075671277377e-01,-3.445696767177250375e-02
4.486032004339571277e-01,-3.445696767177250375e-02
4.496880933007865733e-01,-3.445696767177250375e-02
4.507729861676159633e-01,-3.445696767177250375e-02
4.518578790344453533e-01,-3.445696767177250375e-02
4.551125576349335233e-01,-3.391452123835780874e-02
4.561974505017629689e-01,-3.391452123835780874e-02
4.572823433685923589e-01,-3.391452123835780874e-02
4.583672362354217489e-01,-3.391452123835780874e-02
4.594521291022511389e-01,-3.391452123835780874e-02
4.605370219690805289e-01,-3.391452123835780874e-02
4.616219148359099744e-01,-3.391452123835780874e-02
4.624355844860320031e-01,-3.391452123835780874e-02
4.648765934363981445e-01,-3.337207480494309986e-02
4.659614863032275345e-01,-3.337207480494309986e-02
4.670463791700569800e-01,-3.337207480494309986e-02
4.681312720368863700e-01,-3.337207480494309986e-02
4.692161649037157600e-01,-3.337207480494309986e-02
4.703010577705451500e-01,-3.337207480494309986e-02
4.719283970707892628e-01,-3.337207480494309986e-02
4.751830756712774884e-01,-3.282962837152840485e-02
4.762679685381068784e-01,-3.282962837152840485e-02
4.773528614049362684e-01,-3.282962837152840485e-02
4.784377542717656584e-01,-3.282962837152840485e-02
4.795226471385950484e-01,-3.282962837152840485e-02
4.803363167887171326e-01,-3.282962837152840485e-02
4.816924328722538839e-01,-3.282962837152840485e-02
4.825061025223759126e-01,-3.282962837152840485e-02
4.860320043395714440e-01,-3.228718193811370984e-02
4.871168972064008895e-01,-3.228718193811370984e-02
4.882017900732302795e-01,-3.228718193811370984e-02
4.892866829400596695e-01,-3.228718193811370984e-02
4.903715758068890596e-01,-3.228718193811370984e-02
4.914564686737184496e-01,-3.228718193811370984e-02
4.922701383238405337e-01,-3.228718193811370984e-02
4.957960401410360651e-01,-3.174473550469900096e-02
4.968809330078654551e-01,-3.174473550469900096e-02
4.979658258746949007e-01,-3.174473550469900096e-02
4.990507187415242907e-01,-3.174473550469900096e-02
5.001356116083536252e-01,-3.174473550469900096e-02
5.012205044751830707e-01,-3.174473550469900096e-02
5.023053973420125162e-01,-3.174473550469900096e-02
5.031190669921344893e-01,-3.174473550469900096e-02
5.055600759425006308e-01,-3.120228907128430595e-02
5.066449688093300763e-01,-3.120228907128430595e-02
5.077298616761595218e-01,-3.120228907128430595e-02
5.088147545429888563e-01,-3.120228907128430595e-02
5.098996474098183018e-01,-3.120228907128430595e-02
5.109845402766476363e-01,-3.120228907128430595e-02
5.120694331434770818e-01,-3.120228907128430595e-02
5.131543260103065274e-01,-3.120228907128430595e-02
5.164090046107946419e-01,-3.065984263786959707e-02
5.174938974776240874e-01,-3.065984263786959707e-02
5.185787903444535329e-01,-3.065984263786959707e-02
5.196636832112828674e-01,-3.065984263786959707e-02
5.207485760781123130e-01,-3.065984263786959707e-02
5.218334689449416475e-01,-3.065984263786959707e-02
5.229183618117710930e-01,-3.065984263786959707e-02
5.237320314618931771e-01,-3.065984263786959707e-02
5.261730404122593185e-01,-3.011739620445490206e-02
5.272579332790886530e-01,-3.011739620445490206e-02
5.283428261459180986e-01,-3.011739620445490206e-02
5.294277190127475441e-01,-3.011739620445490206e-02
5.305126118795768786e-01,-3.011739620445490206e-02
5.315975047464063241e-01,-3.011739620445490206e-02
5.326823976132356586e-01,-3.011739620445490206e-02
5.337672904800651041e-01,-3.011739620445490206e-02
5.364795226471386069e-01,-2.957494977104020706e-02
5.381068619473826642e-01,-2.957494977104020706e-02
5.391917548142121097e-01,-2.957494977104020706e-02
5.402766476810414442e-01,-2.957494977104020706e-02
5.413615405478708897e-01,-2.957494977104020706e-02
5.424464334147003353e-01,-2.957494977104020706e-02
5.435313262815296698e-01,-2.957494977104020706e-02
5.478708977488473408e-01,-2.903250333762549817e-02
5.489557906156766753e-01,-2.903250333762549817e-02
5.500406834825061209e-01,-2.903250333762549817e-02
5.511255763493354554e-01,-2.903250333762549817e-02
5.522104692161649009e-01,-2.903250333762549817e-02
5.532953620829943464e-01,-2.903250333762549817e-02
5.543802549498236809e-01,-2.903250333762549817e-02
5.551939245999457651e-01,-2.903250333762549817e-02
5.576349335503119065e-01,-2.849005690421080317e-02
5.587198264171413520e-01,-2.849005690421080317e-02
5.598047192839706865e-01,-2.849005690421080317e-02
5.608896121508001320e-01,-2.849005690421080317e-02
5.619745050176294665e-01,-2.849005690421080317e-02
5.630593978844589120e-01,-2.849005690421080317e-02
5.641442907512883576e-01,-2.849005690421080317e-02
5.649579604014103307e-01,-2.849005690421080317e-02
5.690263086520206404e-01,-2.794761047079610816e-02
5.701112015188499749e-01,-2.794761047079610816e-02
5.711960943856794204e-01,-2.794761047079610816e-02
5.722809872525088659e-01,-2.794761047079610816e-02
5.733658801193382004e-01,-2.794761047079610816e-02
5.744507729861676459e-01,-2.794761047079610816e-02
5.752644426362896191e-01,-2.794761047079610816e-02
5.763493355031190646e-01,-2.794761047079610816e-02
5.798752373203146515e-01,-2.740516403738139928e-02
5.809601301871439860e-01,-2.740516403738139928e-02
5.820450230539734315e-01,-2.740516403738139928e-02
5.831299159208027660e-01,-2.740516403738139928e-02
5.842148087876322116e-01,-2.740516403738139928e-02
5.852997016544616571e-01,-2.740516403738139928e-02
5.863845945212909916e-01,-2.740516403738139928e-02
5.874694873881204371e-01,-2.740516403738139928e-02
5.918090588554379972e-01,-2.686271760396670427e-02
5.928939517222674427e-01,-2.686271760396670427e-02
5.939788445890967772e-01,-2.686271760396670427e-02
5.950637374559262227e-01,-2.686271760396670427e-02
5.961486303227556682e-01,-2.686271760396670427e-02
5.972335231895850027e-01,-2.686271760396670427e-02
5.983184160564144483e-01,-2.686271760396670427e-02
5.994033089232437828e-01,-2.686271760396670427e-02
6.002169785733658669e-01,-2.686271760396670427e-02
6.037428803905614538e-01,-2.632027117055199539e-02
6.048277732573907883e-01,-2.632027117055199539e-02
6.059126661242202339e-01,-2.632027117055199539e-02
6.069975589910496794e-01,-2.632027117055199539e-02
6.080824518578790139e-01,-2.632027117055199539e-02
6.091673447247084594e-01,-2.632027117055199539e-02
6.102522375915377939e-01,-2.632027117055199539e-02
6.113371304583672394e-01,-2.632027117055199539e-02
6.124220233251966850e-01,-2.632027117055199539e-02
6.132356929753186581e-01,-2.632027117055199539e-02
6.173040412259289678e-01,-2.577782473713730038e-02
6.183889340927583023e-01,-2.577782473713730038e-02
6.194738269595877478e-01,-2.577782473713730038e-02
6.205587198264171933e-01,-2.577782473713730038e-02
6.216436126932465278e-01,-2.577782473713730038e-02
6.227285055600759733e-01,-2.577782473713730038e-02
6.238133984269053078e-01,-2.577782473713730038e-02
6.248982912937347534e-01,-2.577782473713730038e-02
6.259831841605641989e-01,-2.577782473713730038e-02
6.267968538106861720e-01,-2.577782473713730038e-02
6.314076484947110934e-01,-2.523537830372260538e-02
6.324925413615405390e-01,-2.523537830372260538e-02
6.335774342283699845e-01,-2.523537830372260538e-02
6.346623270951993190e-01,-2.523537830372260538e-02
6.357472199620287645e-01,-2.523537830372260538e-02
6.368321128288580990e-01,-2.523537830372260538e-02
6.379170056956875445e-01,-2.523537830372260538e-02
6.390018985625169901e-01,-2.523537830372260538e-02
6.400867914293463246e-01,-2.523537830372260538e-02
6.411716842961757701e-01,-2.523537830372260538e-02
6.419853539462978542e-01,-2.523537830372260538e-02
6.465961486303227757e-01,-2.469293187030789649e-02
6.476810414971521102e-01,-2.469293187030789649e-02
6.487659343639815557e-01,-2.469293187030789649e-02
6.498508272308110012e-01,-2.469293187030789649e-02
6.509357200976403357e-01,-2.469293187030789649e-02
6.520206129644697812e-01,-2.469293187030789649e-02
6.531055058312991157e-01,-2.469293187030789649e-02
6.541903986981285613e-01,-2.469293187030789649e-02
6.552752915649580068e-01,-2.469293187030789649e-02
6.563601844317873413e-01,-2.469293187030789649e-02
6.574450772986167868e-01,-2.469293187030789649e-02
6.585299701654461213e-01,-2.469293187030789649e-02
6.593436398155682054e-01,-2.469293187030789649e-02
6.644968809330078496e-01,-2.415048543689320149e-02
6.655817737998372952e-01,-2.415048543689320149e-02
6.663954434499592683e-01,-2.415048543689320149e-02
6.677515595334960752e-01,-2.415048543689320149e-02
6.688364524003255207e-01,-2.415048543689320149e-02
6.699213452671548552e-01,-2.415048543689320149e-02
6.710062381339843007e-01,-2.415048543689320149e-02
6.720911310008136352e-01,-2.415048543689320149e-02
6.731760238676430808e-01,-2.415048543689320149e-02
6.742609167344725263e-01,-2.415048543689320149e-02
6.753458096013018608e-01,-2.415048543689320149e-02
6.764307024681313063e-01,-2.415048543689320149e-02
6.775155953349606408e-01,-2.415048543689320149e-02
6.786004882017900863e-01,-2.415048543689320149e-02
6.794141578519121705e-01,-2.415048543689320149e-02
6.845673989693518147e-01,-2.360803900347849260e-02
6.861947382695958719e-01,-2.360803900347849260e-02
6.872796311364253175e-01,-2.360803900347849260e-02
6.883645240032546520e-01,-2.360803900347849260e-02
6.894494168700840975e-01,-2.360803900347849260e-02
6.905343097369134320e-01,-2.360803900347849260e-02
6.916192026037428775e-01,-2.360803900347849260e-02
6.927040954705723230e-01,-2.360803900347849260e-02
6.937889883374016575e-01,-2.360803900347849260e-02
6.948738812042311030e-01,-2.360803900347849260e-02
6.959587740710604375e-01,-2.360803900347849260e-02
6.970436669378898831e-01,-2.360803900347849260e-02
6.981285598047193286e-01,-2.360803900347849260e-02
6.992134526715486631e-01,-2.360803900347849260e-02
7.002983455383781086e-01,-2.360803900347849260e-02
7.013832384052074431e-01,-2.360803900347849260e-02
7.024681312720368886e-01,-2.360803900347849260e-02
7.035530241388663342e-01,-2.360803900347849260e-02
7.043666937889883073e-01,-2.360803900347849260e-02
7.111472742066721198e-01,-2.306559257006379760e-02
7.122321670735014543e-01,-2.306559257006379760e-02
7.133170599403308998e-01,-2.306559257006379760e-02
7.144019528071603453e-01,-2.306559257006379760e-02
7.154868456739896798e-01,-2.306559257006379760e-02
7.165717385408191253e-01,-2.306559257006379760e-02
7.176566314076484598e-01,-2.306559257006379760e-02
7.187415242744779054e-01,-2.306559257006379760e-02
7.198264171413073509e-01,-2.306559257006379760e-02
7.209113100081366854e-01,-2.306559257006379760e-02
7.219962028749661309e-01,-2.306559257006379760e-02
7.230810957417954654e-01,-2.306559257006379760e-02
7.241659886086249109e-01,-2.306559257006379760e-02
7.252508814754542454e-01,-2.306559257006379760e-02
7.263357743422836910e-01,-2.306559257006379760e-02
7.274206672091131365e-01,-2.306559257006379760e-02
7.285055600759424710e-01,-2.306559257006379760e-02
7.295904529427719165e-01,-2.306559257006379760e-02
7.306753458096012510e-01,-2.306559257006379760e-02
7.317602386764306965e-01,-2.306559257006379760e-02
7.328451315432601421e-01,-2.306559257006379760e-02
7.339300244100894766e-01,-2.306559257006379760e-02
7.350149172769189221e-01,-2.306559257006379760e-02
7.360998101437482566e-01,-2.306559257006379760e-02
7.371847030105777021e-01,-2.306559257006379760e-02
7.382695958774071476e-01,-2.306559257006379760e-02
7.393544887442364821e-01,-2.306559257006379760e-02
7.404393816110659277e-01,-2.306559257006379760e-02
7.415242744778952622e-01,-2.306559257006379760e-02
7.426091673447247077e-01,-2.306559257006379760e-02
7.436940602115541532e-01,-2.306559257006379760e-02
7.447789530783834877e-01,-2.306559257006379760e-02
7.458638459452129332e-01,-2.306559257006379760e-02
7.469487388120422677e-01,-2.306559257006379760e-02
7.480336316788717133e-01,-2.306559257006379760e-02
7.488473013289937974e-01,-2.306559257006379760e-02
7.865473284513154750e-01,-2.306559257006379760e-02
7.876322213181448095e-01,-2.306559257006379760e-02
7.887171141849742551e-01,-2.306559257006379760e-02
7.898020070518035896e-01,-2.306559257006379760e-02
7.908868999186330351e-01,-2.306559257006379760e-02
7.919717927854624806e-01,-2.306559257006379760e-02
7.930566856522918151e-01,-2.306559257006379760e-02
7.941415785191212606e-01,-2.306559257006379760e-02
7.952264713859505951e-01,-2.306559257006379760e-02
7.963113642527800407e-01,-2.306559257006379760e-02
7.973962571196094862e-01,-2.306559257006379760e-02
7.984811499864388207e-01,-2.306559257006379760e-02
7.995660428532682662e-01,-2.306559257006379760e-02
8.006509357200976007e-01,-2.306559257006379760e-02
8.017358285869270462e-01,-2.306559257006379760e-02
8.028207214537564917e-01,-2.306559257006379760e-02
8.039056143205858262e-01,-2.306559257006379760e-02
8.049905071874152718e-01,-2.306559257006379760e-02
8.060754000542446063e-01,-2.306559257006379760e-02
8.071602929210740518e-01,-2.306559257006379760e-02
8.082451857879034973e-01,-2.306559257006379760e-02
8.093300786547328318e-01,-2.306559257006379760e-02
8.104149715215622773e-01,-2.306559257006379760e-02
8.114998643883916118e-01,-2.306559257006379760e-02
8.125847572552210574e-01,-2.306559257006379760e-02
8.136696501220505029e-01,-2.306559257006379760e-02
8.147545429888798374e-01,-2.306559257006379760e-02
8.158394358557092829e-01,-2.306559257006379760e-02
8.169243287225386174e-01,-2.306559257006379760e-02
8.180092215893680629e-01,-2.306559257006379760e-02
8.190941144561973974e-01,-2.306559257006379760e-02
8.201790073230268430e-01,-2.306559257006379760e-02
8.212639001898562885e-01,-2.306559257006379760e-02
8.220775698399782616e-01,-2.306559257006379760e-02
8.272308109574179058e-01,-2.360803900347849260e-02
8.283157038242473513e-01,-2.360803900347849260e-02
8.299430431244914086e-01,-2.360803900347849260e-02
8.310279359913208541e-01,-2.360803900347849260e-02
8.321128288581502996e-01,-2.360803900347849260e-02
8.331977217249796341e-01,-2.360803900347849260e-02
8.342826145918090797e-01,-2.360803900347849260e-02
8.353675074586384142e-01,-2.360803900347849260e-02
8.364524003254678597e-01,-2.360803900347849260e-02
8.375372931922973052e-01,-2.360803900347849260e-02
8.386221860591266397e-01,-2.360803900347849260e-02
8.397070789259560852e-01,-2.360803900347849260e-02
8.407919717927854197e-01,-2.360803900347849260e-02
8.418768646596148653e-01,-2.360803900347849260e-02
8.429617575264443108e-01,-2.360803900347849260e-02
8.440466503932736453e-01,-2.360803900347849260e-02
8.489286682940059281e-01,-2.415048543689320149e-02
8.500135611608353736e-01,-2.415048543689320149e-02
8.516409004610794309e-01,-2.415048543689320149e-02
8.527257933279088764e-01,-2.415048543689320149e-02
8.538106861947383219e-01,-2.415048543689320149e-02
8.548955790615676564e-01,-2.415048543689320149e-02
8.559804719283971020e-01,-2.415048543689320149e-02
8.570653647952264365e-01,-2.415048543689320149e-02
8.581502576620558820e-01,-2.415048543689320149e-02
8.592351505288853275e-01,-2.415048543689320149e-02
8.603200433957146620e-01,-2.415048543689320149e-02
8.614049362625441075e-01,-2.415048543689320149e-02
8.646596148630322221e-01,-2.469293187030789649e-02
8.657445077298616676e-01,-2.469293187030789649e-02
8.668294005966911131e-01,-2.469293187030789649e-02
8.679142934635204476e-01,-2.469293187030789649e-02
8.689991863303498931e-01,-2.469293187030789649e-02
8.700840791971792276e-01,-2.469293187030789649e-02
8.711689720640086732e-01,-2.469293187030789649e-02
8.722538649308381187e-01,-2.469293187030789649e-02
8.733387577976674532e-01,-2.469293187030789649e-02
8.744236506644968987e-01,-2.469293187030789649e-02
8.776783292649851242e-01,-2.523537830372260538e-02
8.787632221318144587e-01,-2.523537830372260538e-02
8.798481149986439043e-01,-2.523537830372260538e-02
8.809330078654732388e-01,-2.523537830372260538e-02
8.820179007323026843e-01,-2.523537830372260538e-02
8.831027935991321298e-01,-2.523537830372260538e-02
8.841876864659614643e-01,-2.523537830372260538e-02
8.852725793327909098e-01,-2.523537830372260538e-02
8.868999186330349671e-01,-2.523537830372260538e-02
8.890697043666937471e-01,-2.577782473713730038e-02
8.901545972335231927e-01,-2.577782473713730038e-02
8.912394901003526382e-01,-2.577782473713730038e-02
8.923243829671819727e-01,-2.577782473713730038e-02
8.934092758340114182e-01,-2.577782473713730038e-02
8.944941687008407527e-01,-2.577782473713730038e-02
8.955790615676701982e-01,-2.577782473713730038e-02
8.966639544344996438e-01,-2.577782473713730038e-02
8.977488473013289783e-01,-2.632027117055199539e-02
8.988337401681584238e-01,-2.632027117055199539e-02
8.999186330349877583e-01,-2.632027117055199539e-02
9.010035259018172038e-01,-2.632027117055199539e-02
9.020884187686466493e-01,-2.686271760396670427e-02
9.031733116354759838e-01,-2.686271760396670427e-02
9.042582045023054294e-01,-2.713394082067405177e-02
9.053430973691347639e-01,-2.740516403738139928e-02
9.064279902359642094e-01,-2.740516403738139928e-02
9.075128831027935439e-01,-2.794761047079610816e-02
9.085977759696229894e-01,-2.794761047079610816e-02
9.096826688364524349e-01,-2.849005690421080317e-02
9.107675617032817694e-01,-2.849005690421080317e-02
9.118524545701112149e-01,-2.903250333762549817e-02
9.129373474369405494e-01,-2.903250333762549817e-02
9.145646867371847177e-01,-2.957494977104020706e-02
9.156495796040140522e-01,-2.984617298774755456e-02
9.167344724708434978e-01,-3.011739620445490206e-02
9.178193653376729433e-01,-3.038861942116224957e-02
9.189042582045022778e-01,-3.065984263786959707e-02
9.199891510713317233e-01,-3.093106585457695845e-02
9.210740439381610578e-01,-3.120228907128430595e-02
9.221589368049905033e-01,-3.147351228799165346e-02
9.232438296718199489e-01,-3.174473550469900096e-02
9.243287225386492834e-01,-3.201595872140634846e-02
9.254136154054787289e-01,-3.228718193811370984e-02
9.264985082723080634e-01,-3.255840515482105735e-02
9.275834011391375089e-01,-3.282962837152840485e-02
9.286682940059669544e-01,-3.310085158823575235e-02
9.297531868727962889e-01,-3.337207480494309986e-02
9.308380797396257345e-01,-3.380603195167487807e-02
9.319229726064550690e-01,-3.391452123835780874e-02
9.330078654732845145e-01,-3.434847838508957307e-02
9.340927583401139600e-01,-3.445696767177250375e-02
9.351776512069432945e-01,-3.499941410518721263e-02
9.362625440737727400e-01,-3.499941410518721263e-02
9.373474369406020745e-01,-3.554186053860190764e-02
9.384323298074315201e-01,-3.570459446862632447e-02
9.395172226742609656e-01,-3.608430697201660264e-02
9.406021155410903001e-01,-3.624704090204101947e-02
9.416870084079197456e-01,-3.662675340543131153e-02
9.427719012747490801e-01,-3.689797662213865903e-02
9.438567941415785256e-01,-3.716919983884600653e-02
9.449416870084079711e-01,-3.744042305555335404e-02
9.460265798752373057e-01,-3.798286948896806292e-02
9.468402495253593898e-01,-3.879653913909010543e-02
9.473826959587741126e-01,-4.042387843933420433e-02
9.468402495253593898e-01,-4.123754808945626071e-02
9.468402495253593898e-01,-4.232244095628566460e-02
9.462978030919446670e-01,-4.340733382311505462e-02
9.462978030919446670e-01,-4.422100347323711100e-02
9.457553566585299443e-01,-4.503467312335916739e-02
9.457553566585299443e-01,-4.611956599018855740e-02
9.452129102251152215e-01,-4.720445885701796129e-02
9.452129102251152215e-01,-4.828935172384736518e-02
9.446704637917006098e-01,-4.937424459067676907e-02
9.446704637917006098e-01,-5.018791424079881158e-02
9.441280173582858870e-01,-5.100158389092086797e-02
9.438567941415785256e-01,-5.235769997445761936e-02
9.435855709248711642e-01,-5.371381605799437076e-02
9.430431244914564415e-01,-5.534115535823846965e-02
9.430431244914564415e-01,-5.642604822506787354e-02
9.438567941415785256e-01,-5.751094109189726356e-02
9.449416870084079711e-01,-5.832461074201930606e-02
9.460265798752373057e-01,-5.875856788875108427e-02
9.468402495253593898e-01,-5.886705717543402883e-02
9.481963656088960857e-01,-5.940950360884872383e-02
9.492812584757255312e-01,-5.940950360884872383e-02
9.514510442093843112e-01,-5.940950360884872383e-02
9.522647138595063954e-01,-5.886705717543402883e-02
9.528071602929211181e-01,-5.805338752531197244e-02
9.530783835096284795e-01,-5.669727144177522105e-02
9.533496067263357299e-01,-5.534115535823846965e-02
9.538920531597504526e-01,-5.452748570811641327e-02
9.538920531597504526e-01,-5.371381605799437076e-02
9.544344995931651754e-01,-5.235769997445761936e-02
9.544344995931651754e-01,-5.154403032433556298e-02
9.549769460265798982e-01,-5.045913745750615909e-02
9.549769460265798982e-01,-4.937424459067676907e-02
9.555193924599946209e-01,-4.801812850714001768e-02
9.557906156767018713e-01,-4.693323564031061379e-02
9.560618388934092327e-01,-4.557711955677386240e-02
9.566042853268239554e-01,-4.476344990665180601e-02
9.566042853268239554e-01,-4.394978025652976350e-02
9.571467317602386782e-01,-4.286488738970035961e-02
9.579604014103607623e-01,-4.205121773957830322e-02
9.595877407106048196e-01,-4.150877130616360822e-02
9.606726335774342651e-01,-4.205121773957830322e-02
9.617575264442635996e-01,-4.221395166960272005e-02
9.628424193110930451e-01,-4.259366417299301211e-02
9.639273121779223796e-01,-4.286488738970035961e-02
9.650122050447518252e-01,-4.313611060640770711e-02
9.660970979115812707e-01,-4.367855703982241600e-02
9.671819907784106052e-01,-4.384129096984683283e-02
9.682668836452400507e-01,-4.422100347323711100e-02
9.693517765120693852e-01,-4.449222668994445851e-02
9.704366693788988307e-01,-4.476344990665180601e-02
9.715215622457282763e-01,-4.530589634006651489e-02
9.726064551125576108e-01,-4.530589634006651489e-02
9.736913479793870563e-01,-4.584834277348120990e-02
9.747762408462163908e-01,-4.639078920689591878e-02
9.758611337130458363e-01,-4.639078920689591878e-02
9.769460265798752818e-01,-4.693323564031061379e-02
9.780309194467046163e-01,-4.720445885701796129e-02
9.791158123135340619e-01,-4.747568207372530880e-02
9.802007051803633964e-01,-4.801812850714001768e-02
9.818280444806075646e-01,-4.856057494055471269e-02
9.829129373474368991e-01,-4.883179815726206019e-02
9.837266069975589833e-01,-4.910302137396940769e-02
9.856251695145104019e-01,-4.964546780738411658e-02
9.867100623813398474e-01,-5.007942495411588091e-02
9.877949552481692930e-01,-5.035064817082322841e-02
9.888798481149986275e-01,-5.073036067421352047e-02
9.899647409818280730e-01,-5.127280710762821547e-02
9.915920802820721303e-01,-5.181525354104291048e-02
9.926769731489015758e-01,-5.208647675775027186e-02
9.934906427990235489e-01,-5.235769997445761936e-02
9.948467588825603558e-01,-5.290014640787231437e-02
9.959316517493898013e-01,-5.333410355460407870e-02
9.970165446162191358e-01,-5.360532677131142620e-02
9.981014374830485814e-01,-5.398503927470171826e-02
9.991863303498779159e-01,-5.398503927470171826e-02
1.000000000000000000e+00,-5.344259284128700938e-02
1.000000000000000000e+00,-5.262892319116496687e-02
9.994575535665852772e-01,-5.127280710762821547e-02
9.986438839164633041e-01,-5.045913745750615909e-02
9.975589910496338586e-01,-4.964546780738411658e-02
9.964740981828044131e-01,-4.910302137396940769e-02
9.953892053159750786e-01,-4.828935172384736518e-02
9.943043124491456330e-01,-4.774690529043265630e-02
9.932194195823162985e-01,-4.720445885701796129e-02
9.921345267154868530e-01,-4.639078920689591878e-02
9.910496338486574075e-01,-4.557711955677386240e-02
9.899647409818280730e-01,-4.503467312335916739e-02
9.888798481149986275e-01,-4.449222668994445851e-02
9.872525088147545702e-01,-4.340733382311505462e-02
9.861676159479251247e-01,-4.286488738970035961e-02
9.850827230810957902e-01,-4.205121773957830322e-02
9.839978302142663447e-01,-4.150877130616360822e-02
9.829129373474368991e-01,-4.069510165604156571e-02
9.818280444806075646e-01,-4.015265522262685682e-02
9.807431516137781191e-01,-3.961020878921216182e-02
9.796582587469487846e-01,-3.895927306911452226e-02
9.785733658801193391e-01,-3.825409270567541042e-02
9.774884730132898936e-01,-3.771164627226070154e-02
9.764035801464605591e-01,-3.716919983884600653e-02
9.753186872796311135e-01,-3.635553018872395015e-02
9.742337944128017790e-01,-3.581308375530925514e-02
9.731489015459723335e-01,-3.527063732189456013e-02
9.715215622457282763e-01,-3.434847838508957307e-02
9.704366693788988307e-01,-3.364329802165046124e-02
9.693517765120693852e-01,-3.310085158823575235e-02
9.682668836452400507e-01,-3.255840515482105735e-02
9.671819907784106052e-01,-3.201595872140634846e-02
9.660970979115812707e-01,-3.147351228799165346e-02
9.650122050447518252e-01,-3.065984263786959707e-02
9.639273121779223796e-01,-3.011739620445490206e-02
9.628424193110930451e-01,-2.957494977104020706e-02
9.617575264442635996e-01,-2.903250333762549817e-02
9.606726335774342651e-01,-2.849005690421080317e-02
9.595877407106048196e-01,-2.794761047079610816e-02
9.585028478437753741e-01,-2.740516403738139928e-02
9.574179549769460396e-01,-2.686271760396670427e-02
9.563330621101165940e-01,-2.632027117055199539e-02
9.552481692432872595e-01,-2.577782473713730038e-02
9.541632763764578140e-01,-2.523537830372260538e-02
9.530783835096284795e-01,-2.469293187030789649e-02
9.519934906427990340e-01,-2.404199615021027081e-02
9.509085977759695885e-01,-2.349954971679556193e-02
9.498237049091402540e-01,-2.295710328338086692e-02
9.487388120423108084e-01,-2.241465684996615804e-02
9.476539191754814739e-01,-2.187221041655146303e-02
9.465690263086520284e-01,-2.132976398313676802e-02
9.454841334418225829e-01,-2.089580683640500369e-02
9.443992405749932484e-01,-2.035336040299029481e-02
9.433143477081638029e-01,-1.981091396957559980e-02
9.422294548413344684e-01,-1.926846753616089092e-02
9.411445619745050228e-01,-1.872602110274619591e-02
9.400596691076755773e-01,-1.818357466933150091e-02
9.389747762408462428e-01,-1.764112823591679202e-02
9.378898833740167973e-01,-1.709868180250209702e-02
9.368049905071874628e-01,-1.655623536908740201e-02
9.357200976403580173e-01,-1.601378893567269313e-02
9.346352047735285717e-01,-1.547134250225799812e-02
9.335503119066992372e-01,-1.492889606884328924e-02
9.324654190398697917e-01,-1.438644963542859423e-02
9.313805261730404572e-01,-1.384400320201389922e-02
9.302956333062110117e-01,-1.330155676859919034e-02
9.292107404393815662e-01,-1.275911033518449533e-02
9.281258475725522317e-01,-1.237939783179420328e-02
9.270409547057227861e-01,-1.183695139837950827e-02
9.259560618388934516e-01,-1.140299425164774394e-02
9.243287225386492834e-01,-1.058932460152568755e-02
9.232438296718199489e-01,-1.004687816811099255e-02
9.221589368049905033e-01,-9.504431734696297540e-03
9.210740439381610578e-01,-8.961985301281588656e-03
9.199891510713317233e-01,-8.419538867866893650e-03
9.183618117710875550e-01,-7.768603147769254091e-03
9.172769189042582205e-01,-7.226156714354559085e-03
9.161920260374287750e-01,-6.792199567622794754e-03
9.151071331705994405e-01,-6.249753134208085870e-03
9.140222403037699950e-01,-5.707306700793390863e-03
9.129373474369405494e-01,-5.164860267378695857e-03
9.118524545701112149e-01,-4.622413833963986973e-03
9.107675617032817694e-01,-4.079967400549291967e-03
9.096826688364524349e-01,-3.700254897158999912e-03
9.085977759696229894e-01,-3.266297750427235580e-03
9.075128831027935439e-01,-2.723851317012540574e-03
9.064279902359642094e-01,-2.181404883597831690e-03
9.053430973691347639e-01,-1.910181666890484187e-03
9.042582045023054294e-01,-1.367735233475789181e-03
9.026308652020612611e-01,-8.252888000610802965e-04
9.015459723352319266e-01,-5.540655833537327934e-04
9.004610794684024810e-01,-2.828423666463852904e-04
8.993761866015731465e-01,9.687013674389288731e-05
8.982912937347437010e-01,2.596040667683097158e-04
8.972064008679142555e-01,6.393165701586017713e-04
8.961215080010849210e-01,8.020505001830185998e-04
8.947653919175481141e-01,1.344496933597713606e-03
8.939517222674261410e-01,1.344496933597713606e-03
8.928668294005966954e-01,1.886943367012408612e-03
8.917819365337672499e-01,1.886943367012408612e-03
8.901545972335231927e-01,2.429389800427117496e-03
8.882560347165717740e-01,2.971836233841812502e-03
8.874423650664496899e-01,2.971836233841812502e-03
8.863574721996202443e-01,3.514282667256521386e-03
8.852725793327909098e-01,3.514282667256521386e-03
8.841876864659614643e-01,4.056729100671216393e-03
8.831027935991321298e-01,4.056729100671216393e-03
8.820179007323026843e-01,4.599175534085918338e-03
8.809330078654732388e-01,4.599175534085918338e-03
8.798481149986439043e-01,5.141621967500613344e-03
8.787632221318144587e-01,5.141621967500613344e-03
8.776783292649851242e-01,5.684068400915315289e-03
8.765934363981556787e-01,5.684068400915315289e-03
8.755085435313262332e-01,6.226514834330017234e-03
8.744236506644968987e-01,6.226514834330017234e-03
8.733387577976674532e-01,6.768961267744719179e-03
8.722538649308381187e-01,6.768961267744719179e-03
8.711689720640086732e-01,7.311407701159414185e-03
8.700840791971792276e-01,7.311407701159414185e-03
8.689991863303498931e-01,7.853854134574116130e-03
8.679142934635204476e-01,7.853854134574116130e-03
8.668294005966911131e-01,8.396300567988818075e-03
8.657445077298616676e-01,8.396300567988818075e-03
8.646596148630322221e-01,8.776013071379103192e-03
8.635747219962028876e-01,8.938747001403520021e-03
8.624898291293734420e-01,9.209970218110867524e-03
8.614049362625441075e-01,9.481193434818221966e-03
8.603200433957146620e-01,9.752416651525569469e-03
8.592351505288853275e-01,1.002363986823291697e-02
8.581502576620558820e-01,1.029486308494027141e-02
8.570653647952264365e-01,1.056608630164761892e-02
8.559804719283971020e-01,1.083730951835496642e-02
8.548955790615676564e-01,1.110853273506232086e-02
8.538106861947383219e-01,1.137975595176966837e-02
8.527257933279088764e-01,1.165097916847702281e-02
8.516409004610794309e-01,1.192220238518437031e-02
8.502847843775427350e-01,1.219342560189171781e-02
8.494711147274206509e-01,1.219342560189171781e-02
8.481149986438839550e-01,1.273587203530641976e-02
8.473013289937618708e-01,1.273587203530641976e-02
8.456739896935178136e-01,1.327831846872112170e-02
8.440466503932736453e-01,1.354954168542846921e-02
8.429617575264443108e-01,1.382076490213582365e-02
8.418768646596148653e-01,1.409198811884317115e-02
8.407919717927854197e-01,1.436321133555051865e-02
8.397070789259560852e-01,1.463443455225787310e-02
8.386221860591266397e-01,1.490565776896522060e-02
8.375372931922973052e-01,1.501414705564815821e-02
8.364524003254678597e-01,1.544810420237992254e-02
8.353675074586384142e-01,1.544810420237992254e-02
8.342826145918090797e-01,1.599055063579462449e-02
8.331977217249796341e-01,1.599055063579462449e-02
8.321128288581502996e-01,1.653299706920931950e-02
8.310279359913208541e-01,1.653299706920931950e-02
8.299430431244914086e-01,1.691270957259960461e-02
8.288581502576620741e-01,1.707544350262402144e-02
8.277732573908326286e-01,1.734666671933137588e-02
8.266883645240032941e-01,1.761788993603872339e-02
8.256034716571738485e-01,1.772637922272165406e-02
8.245185787903444030e-01,1.816033636945342533e-02
8.234336859235150685e-01,1.816033636945342533e-02
8.223487930566856230e-01,1.870278280286812728e-02
8.212639001898562885e-01,1.870278280286812728e-02
8.196365608896121202e-01,1.924522923628282228e-02
8.185516680227827857e-01,1.924522923628282228e-02
8.174667751559533402e-01,1.978767566969752423e-02
8.163818822891238947e-01,1.978767566969752423e-02
8.152969894222945602e-01,2.033012210311222617e-02
8.142120965554651146e-01,2.033012210311222617e-02
8.131272036886357801e-01,2.060134531981957368e-02
8.120423108218063346e-01,2.087256853652692812e-02
8.109574179549770001e-01,2.098105782320985879e-02
8.098725250881475546e-01,2.141501496994162312e-02
8.087876322213181091e-01,2.141501496994162312e-02
8.077027393544887746e-01,2.195746140335632507e-02
8.066178464876593290e-01,2.195746140335632507e-02
8.055329536208299945e-01,2.222868462006367257e-02
8.044480607540005490e-01,2.249990783677102701e-02
8.033631678871711035e-01,2.277113105347837452e-02
8.022782750203417690e-01,2.304235427018572896e-02
8.011933821535123235e-01,2.304235427018572896e-02
8.001084892866829890e-01,2.358480070360042397e-02
7.990235964198535434e-01,2.358480070360042397e-02
7.979387035530240979e-01,2.385602392030777841e-02
7.968538106861947634e-01,2.412724713701512591e-02
7.957689178193653179e-01,2.423573642369806352e-02
7.946840249525359834e-01,2.466969357042982786e-02
7.935991320857065379e-01,2.466969357042982786e-02
7.925142392188770923e-01,2.521214000384452980e-02
7.914293463520477578e-01,2.521214000384452980e-02
7.892595606183889778e-01,2.575458643725922481e-02
7.881746677515595323e-01,2.575458643725922481e-02
7.870897748847300868e-01,2.629703287067392675e-02
7.860048820179007523e-01,2.629703287067392675e-02
7.849199891510713067e-01,2.667674537406421187e-02
7.838350962842419722e-01,2.683947930408862870e-02
7.827502034174125267e-01,2.711070252079597620e-02
7.813940873338758308e-01,2.738192573750333064e-02
7.805804176837537467e-01,2.738192573750333064e-02
7.794955248169243012e-01,2.792437217091802565e-02
7.784106319500949667e-01,2.792437217091802565e-02
7.773257390832655211e-01,2.819559538762538009e-02
7.762408462164360756e-01,2.846681860433272759e-02
7.748847301328993797e-01,2.846681860433272759e-02
7.740710604827772956e-01,2.900926503774742954e-02
7.729861676159479611e-01,2.900926503774742954e-02
7.719012747491185156e-01,2.928048825445477704e-02
7.708163818822890700e-01,2.955171147116213148e-02
7.697314890154597355e-01,2.955171147116213148e-02
7.686465961486302900e-01,3.009415790457683343e-02
7.675617032818009555e-01,3.009415790457683343e-02
7.664768104149715100e-01,3.036538112128418093e-02
7.653919175481421755e-01,3.063660433799152844e-02
7.643070246813127300e-01,3.063660433799152844e-02
7.632221318144832845e-01,3.117905077140623038e-02
7.621372389476539499e-01,3.117905077140623038e-02
7.610523460808245044e-01,3.145027398811357788e-02
7.596962299972878085e-01,3.172149720482093233e-02
7.588825603471657244e-01,3.172149720482093233e-02
7.577976674803362789e-01,3.226394363823563427e-02
7.567127746135069444e-01,3.226394363823563427e-02
7.556278817466774989e-01,3.237243292491856494e-02
7.545429888798481644e-01,3.280639007165032928e-02
7.534580960130187188e-01,3.280639007165032928e-02
7.523732031461892733e-01,3.307761328835768372e-02
7.512883102793599388e-01,3.334883650506503122e-02
7.502034174125304933e-01,3.334883650506503122e-02
7.491185245457011588e-01,3.389128293847973317e-02
7.480336316788717133e-01,3.389128293847973317e-02
7.469487388120422677e-01,3.416250615518708067e-02
7.458638459452129332e-01,3.443372937189443511e-02
7.447789530783834877e-01,3.443372937189443511e-02
7.436940602115541532e-01,3.481344187528472717e-02
7.426091673447247077e-01,3.497617580530913012e-02
7.415242744778952622e-01,3.497617580530913012e-02
7.404393816110659277e-01,3.551862223872383206e-02
7.393544887442364821e-01,3.551862223872383206e-02
7.382695958774071476e-01,3.578984545543117957e-02
7.371847030105777021e-01,3.606106867213853401e-02
7.360998101437482566e-01,3.606106867213853401e-02
7.350149172769189221e-01,3.633229188884588845e-02
7.339300244100894766e-01,3.660351510555323595e-02
7.328451315432601421e-01,3.660351510555323595e-02
7.317602386764306965e-01,3.714596153896793096e-02
7.306753458096012510e-01,3.714596153896793096e-02
7.295904529427719165e-01,3.714596153896793096e-02
7.285055600759424710e-01,3.768840797238263290e-02
7.274206672091131365e-01,3.768840797238263290e-02
7.263357743422836910e-01,3.795963118908998735e-02
7.252508814754542454e-01,3.823085440579733485e-02
7.241659886086249109e-01,3.823085440579733485e-02
7.230810957417954654e-01,3.850207762250468235e-02
7.219962028749661309e-01,3.877330083921202986e-02
7.209113100081366854e-01,3.877330083921202986e-02
7.198264171413073509e-01,3.904452405591938430e-02
7.187415242744779054e-01,3.931574727262673874e-02
7.176566314076484598e-01,3.931574727262673874e-02
7.165717385408191253e-01,3.958697048933408624e-02
7.154868456739896798e-01,3.985819370604143375e-02
7.144019528071603453e-01,3.985819370604143375e-02
7.133170599403308998e-01,4.012941692274878125e-02
7.119609438567940929e-01,4.040064013945613569e-02
7.111472742066721198e-01,4.040064013945613569e-02
7.100623813398426742e-01,4.067186335616349013e-02
7.089774884730133397e-01,4.094308657287083764e-02
7.078925956061838942e-01,4.094308657287083764e-02
7.068077027393544487e-01,4.121430978957818514e-02
7.057228098725251142e-01,4.148553300628553264e-02
7.046379170056956687e-01,4.148553300628553264e-02
7.035530241388663342e-01,4.175675622299288708e-02
7.019256848386221659e-01,4.202797943970024153e-02
7.005695687550854700e-01,4.202797943970024153e-02
6.997558991049633859e-01,4.257042587311493653e-02
6.986710062381339403e-01,4.257042587311493653e-02
6.975861133713046058e-01,4.257042587311493653e-02
6.959587740710604375e-01,4.311287230652963848e-02
6.948738812042311030e-01,4.311287230652963848e-02
6.937889883374016575e-01,4.311287230652963848e-02
6.927040954705723230e-01,4.365531873994434042e-02
6.916192026037428775e-01,4.365531873994434042e-02
6.905343097369134320e-01,4.365531873994434042e-02
6.894494168700840975e-01,4.419776517335903543e-02
6.883645240032546520e-01,4.419776517335903543e-02
6.867371847030105947e-01,4.419776517335903543e-02
6.856522918361811492e-01,4.474021160677373737e-02
6.845673989693518147e-01,4.474021160677373737e-02
6.834825061025223691e-01,4.474021160677373737e-02
6.823976132356929236e-01,4.528265804018843932e-02
6.813127203688635891e-01,4.528265804018843932e-02
6.802278275020341436e-01,4.528265804018843932e-02
6.791429346352048091e-01,4.555388125689578682e-02
6.780580417683753636e-01,4.582510447360313433e-02
6.769731489015459180e-01,4.582510447360313433e-02
6.758882560347165835e-01,4.582510447360313433e-02
6.742609167344725263e-01,4.636755090701784321e-02
6.731760238676430808e-01,4.636755090701784321e-02
6.720911310008136352e-01,4.636755090701784321e-02
6.710062381339843007e-01,4.690999734043253822e-02
6.699213452671548552e-01,4.690999734043253822e-02
6.688364524003255207e-01,4.690999734043253822e-02
6.672091131000813524e-01,4.745244377384724016e-02
6.661242202332520179e-01,4.745244377384724016e-02
6.650393273664225724e-01,4.745244377384724016e-02
6.636832112828857655e-01,4.799489020726194211e-02
6.628695416327637924e-01,4.799489020726194211e-02
6.617846487659343468e-01,4.799489020726194211e-02
6.606997558991050123e-01,4.799489020726194211e-02
6.596148630322755668e-01,4.853733664067663711e-02
6.585299701654461213e-01,4.853733664067663711e-02
6.574450772986167868e-01,4.853733664067663711e-02
6.563601844317873413e-01,4.853733664067663711e-02
6.552752915649580068e-01,4.907978307409133906e-02
6.541903986981285613e-01,4.907978307409133906e-02
6.531055058312991157e-01,4.907978307409133906e-02
6.520206129644697812e-01,4.935100629079869350e-02
6.509357200976403357e-01,4.962222950750604100e-02
6.498508272308110012e-01,4.962222950750604100e-02
6.487659343639815557e-01,4.962222950750604100e-02
6.476810414971521102e-01,4.989345272421338850e-02
6.465961486303227757e-01,5.016467594092073601e-02
6.455112557634933301e-01,5.016467594092073601e-02
6.444263628966639956e-01,5.016467594092073601e-02
6.430702468131271887e-01,5.070712237433544489e-02
6.422565771630051046e-01,5.070712237433544489e-02
6.411716842961757701e-01,5.070712237433544489e-02
6.400867914293463246e-01,5.070712237433544489e-02
6.384594521291022673e-01,5.124956880775013990e-02
6.373745592622728218e-01,5.124956880775013990e-02
6.362896663954434873e-01,5.124956880775013990e-02
6.352047735286140417e-01,5.124956880775013990e-02
6.341198806617845962e-01,5.179201524116484184e-02
6.330349877949552617e-01,5.179201524116484184e-02
6.319500949281258162e-01,5.179201524116484184e-02
6.308652020612964817e-01,5.179201524116484184e-02
6.297803091944670362e-01,5.233446167457954379e-02
6.286954163276375906e-01,5.233446167457954379e-02
6.276105234608082561e-01,5.233446167457954379e-02
6.265256305939788106e-01,5.233446167457954379e-02
6.251695145104421147e-01,5.287690810799423879e-02
6.240846216436126692e-01,5.287690810799423879e-02
6.232709519934906961e-01,5.287690810799423879e-02
6.221860591266612506e-01,5.287690810799423879e-02
6.202874966097098319e-01,5.341935454140894074e-02
6.194738269595877478e-01,5.341935454140894074e-02
6.183889340927583023e-01,5.341935454140894074e-02
6.173040412259289678e-01,5.341935454140894074e-02
6.159479251423921609e-01,5.396180097482364268e-02
6.151342554922701877e-01,5.396180097482364268e-02
6.140493626254407422e-01,5.396180097482364268e-02
6.129644697586112967e-01,5.396180097482364268e-02
6.116083536750746008e-01,5.396180097482364268e-02
6.099810143748304325e-01,5.450424740823834463e-02
6.091673447247084594e-01,5.450424740823834463e-02
6.080824518578790139e-01,5.450424740823834463e-02
6.069975589910496794e-01,5.450424740823834463e-02
6.056414429075128725e-01,5.504669384165304657e-02
6.045565500406835380e-01,5.504669384165304657e-02
6.037428803905614538e-01,5.504669384165304657e-02
6.026579875237320083e-01,5.504669384165304657e-02
6.015730946569026738e-01,5.504669384165304657e-02
6.002169785733658669e-01,5.558914027506774158e-02
5.994033089232437828e-01,5.558914027506774158e-02
5.983184160564144483e-01,5.558914027506774158e-02
5.972335231895850027e-01,5.558914027506774158e-02
5.958774071060483069e-01,5.558914027506774158e-02
5.947925142392188613e-01,5.613158670848244353e-02
5.939788445890967772e-01,5.613158670848244353e-02
5.928939517222674427e-01,5.613158670848244353e-02
5.918090588554379972e-01,5.613158670848244353e-02
5.907241659886086627e-01,5.613158670848244353e-02
5.890968266883644944e-01,5.667403314189714547e-02
5.880119338215351599e-01,5.667403314189714547e-02
5.869270409547057143e-01,5.667403314189714547e-02
5.858421480878762688e-01,5.667403314189714547e-02
5.844860320043395729e-01,5.667403314189714547e-02
5.831299159208027660e-01,5.721647957531184742e-02
5.820450230539734315e-01,5.721647957531184742e-02
5.809601301871439860e-01,5.721647957531184742e-02
5.798752373203146515e-01,5.721647957531184742e-02
5.785191212367778446e-01,5.721647957531184742e-02
5.774342283699485101e-01,5.775892600872654936e-02
5.766205587198264260e-01,5.775892600872654936e-02
5.755356658529969804e-01,5.775892600872654936e-02
5.744507729861676459e-01,5.775892600872654936e-02
5.733658801193382004e-01,5.775892600872654936e-02
5.722809872525088659e-01,5.775892600872654936e-02
5.709248711689720590e-01,5.830137244214124437e-02
5.698399783021426135e-01,5.830137244214124437e-02
5.690263086520206404e-01,5.830137244214124437e-02
5.679414157851911948e-01,5.830137244214124437e-02
5.668565229183618603e-01,5.830137244214124437e-02
5.657716300515324148e-01,5.830137244214124437e-02
5.644155139679956079e-01,5.884381887555594631e-02
5.630593978844589120e-01,5.884381887555594631e-02
5.619745050176294665e-01,5.884381887555594631e-02
5.608896121508001320e-01,5.884381887555594631e-02
5.592622728505559637e-01,5.884381887555594631e-02
5.573637103336045451e-01,5.938626530897064826e-02
5.565500406834824609e-01,5.938626530897064826e-02
5.554651478166531264e-01,5.938626530897064826e-02
5.543802549498236809e-01,5.938626530897064826e-02
5.532953620829943464e-01,5.938626530897064826e-02
5.522104692161649009e-01,5.938626530897064826e-02
5.508543531326282050e-01,5.992871174238534326e-02
5.500406834825061209e-01,5.992871174238534326e-02
5.489557906156766753e-01,5.992871174238534326e-02
5.478708977488473408e-01,5.992871174238534326e-02
5.467860048820178953e-01,5.992871174238534326e-02
5.457011120151884498e-01,5.992871174238534326e-02
5.446162191483591153e-01,5.992871174238534326e-02
5.429888798481149470e-01,6.047115817580004521e-02
5.419039869812856125e-01,6.047115817580004521e-02
5.408190941144561670e-01,6.047115817580004521e-02
5.397342012476268325e-01,6.047115817580004521e-02
5.386493083807973870e-01,6.047115817580004521e-02
5.375644155139679414e-01,6.047115817580004521e-02
5.364795226471386069e-01,6.047115817580004521e-02
5.351234065636018000e-01,6.101360460921474715e-02
5.343097369134798269e-01,6.101360460921474715e-02
5.329536208299430200e-01,6.101360460921474715e-02
5.321399511798210469e-01,6.101360460921474715e-02
5.310550583129916014e-01,6.101360460921474715e-02
5.299701654461621558e-01,6.101360460921474715e-02
5.288852725793328213e-01,6.101360460921474715e-02
5.278003797125033758e-01,6.101360460921474715e-02
5.261730404122593185e-01,6.155605104262944910e-02
5.248169243287225116e-01,6.155605104262944910e-02
5.240032546786005385e-01,6.155605104262944910e-02
5.229183618117710930e-01,6.155605104262944910e-02
5.218334689449416475e-01,6.155605104262944910e-02
5.207485760781123130e-01,6.155605104262944910e-02
5.196636832112828674e-01,6.155605104262944910e-02
5.185787903444535329e-01,6.155605104262944910e-02
5.166802278275020033e-01,6.209849747604415104e-02
5.158665581773800302e-01,6.209849747604415104e-02
5.147816653105505846e-01,6.209849747604415104e-02
5.136967724437211391e-01,6.209849747604415104e-02
5.126118795768918046e-01,6.209849747604415104e-02
5.115269867100623591e-01,6.209849747604415104e-02
5.104420938432330246e-01,6.209849747604415104e-02
5.093572009764035791e-01,6.209849747604415104e-02
5.082723081095741335e-01,6.209849747604415104e-02
5.061025223759153535e-01,6.264094390945884605e-02
5.050176295090860190e-01,6.264094390945884605e-02
5.039327366422565735e-01,6.264094390945884605e-02
5.028478437754271280e-01,6.264094390945884605e-02
5.017629509085977935e-01,6.264094390945884605e-02
5.006780580417683479e-01,6.264094390945884605e-02
4.995931651749389579e-01,6.264094390945884605e-02
4.985082723081095679e-01,6.264094390945884605e-02
4.974233794412801779e-01,6.264094390945884605e-02
4.963384865744507879e-01,6.264094390945884605e-02
4.936262544073772851e-01,6.318339034287355493e-02
4.919989151071331723e-01,6.318339034287355493e-02
4.909140222403037823e-01,6.318339034287355493e-02
4.898291293734743923e-01,6.318339034287355493e-02
4.887442365066449468e-01,6.318339034287355493e-02
4.876593436398155568e-01,6.318339034287355493e-02
4.865744507729861668e-01,6.318339034287355493e-02
4.854895579061567767e-01,6.318339034287355493e-02
4.844046650393273867e-01,6.318339034287355493e-02
4.833197721724979412e-01,6.318339034287355493e-02
4.822348793056685512e-01,6.318339034287355493e-02
4.789802007051803812e-01,6.372583677628824994e-02
4.778953078383509356e-01,6.372583677628824994e-02
4.768104149715215456e-01,6.372583677628824994e-02
4.757255221046921556e-01,6.372583677628824994e-02
4.746406292378627656e-01,6.372583677628824994e-02
4.735557363710333756e-01,6.372583677628824994e-02
4.724708435042039856e-01,6.372583677628824994e-02
4.713859506373745401e-01,6.372583677628824994e-02
4.703010577705451500e-01,6.372583677628824994e-02
4.692161649037157600e-01,6.372583677628824994e-02
4.681312720368863700e-01,6.372583677628824994e-02
4.665039327366422572e-01,6.372583677628824994e-02
4.654190398698128672e-01,6.372583677628824994e-02
4.643341470029834772e-01,6.372583677628824994e-02
4.594521291022511389e-01,6.426828320970294495e-02
4.583672362354217489e-01,6.426828320970294495e-02
4.567398969351776361e-01,6.426828320970294495e-02
4.556550040683482461e-01,6.426828320970294495e-02
4.545701112015188561e-01,6.426828320970294495e-02
4.534852183346894661e-01,6.426828320970294495e-02
4.524003254678600761e-01,6.426828320970294495e-02
4.513154326010306305e-01,6.426828320970294495e-02
4.502305397342012405e-01,6.426828320970294495e-02
4.491456468673718505e-01,6.426828320970294495e-02
4.480607540005424605e-01,6.426828320970294495e-02
4.469758611337130705e-01,6.426828320970294495e-02
4.458909682668836250e-01,6.426828320970294495e-02
4.448060754000542349e-01,6.426828320970294495e-02
4.437211825332248449e-01,6.426828320970294495e-02
4.426362896663954549e-01,6.426828320970294495e-02
4.415513967995660649e-01,6.426828320970294495e-02
4.404665039327366194e-01,6.426828320970294495e-02
4.388391646324925621e-01,6.426828320970294495e-02
4.377542717656631166e-01,6.426828320970294495e-02
4.366693788988337266e-01,6.426828320970294495e-02
4.355844860320043366e-01,6.426828320970294495e-02
4.344995931651749466e-01,6.426828320970294495e-02
4.334147002983455566e-01,6.426828320970294495e-02
4.323298074315161110e-01,6.426828320970294495e-02
4.312449145646867210e-01,6.426828320970294495e-02
4.301600216978573310e-01,6.426828320970294495e-02
4.290751288310279410e-01,6.426828320970294495e-02
4.279902359641985510e-01,6.426828320970294495e-02
4.269053430973691610e-01,6.426828320970294495e-02
4.258204502305397154e-01,6.426828320970294495e-02
4.247355573637103254e-01,6.426828320970294495e-02
4.236506644968809354e-01,6.426828320970294495e-02
4.225657716300515454e-01,6.426828320970294495e-02
4.214808787632221554e-01,6.426828320970294495e-02
4.203959858963927099e-01,6.426828320970294495e-02
4.193110930295633199e-01,6.426828320970294495e-02
4.182262001627339298e-01,6.426828320970294495e-02
4.171413072959045398e-01,6.426828320970294495e-02
4.160564144290751498e-01,6.426828320970294495e-02
4.149715215622457043e-01,6.426828320970294495e-02
4.138866286954163143e-01,6.426828320970294495e-02
4.128017358285869243e-01,6.426828320970294495e-02
4.117168429617575343e-01,6.426828320970294495e-02
4.106319500949281442e-01,6.426828320970294495e-02
4.095470572280986987e-01,6.426828320970294495e-02
4.084621643612693087e-01,6.426828320970294495e-02
4.073772714944399187e-01,6.426828320970294495e-02
4.062923786276105287e-01,6.426828320970294495e-02
4.052074857607811387e-01,6.426828320970294495e-02
4.041225928939517487e-01,6.426828320970294495e-02
4.030377000271223031e-01,6.426828320970294495e-02
4.019528071602929131e-01,6.426828320970294495e-02
4.008679142934635231e-01,6.426828320970294495e-02
3.997830214266341331e-01,6.426828320970294495e-02
3.986981285598047431e-01,6.426828320970294495e-02
3.976132356929752976e-01,6.426828320970294495e-02
3.965283428261459076e-01,6.426828320970294495e-02
3.954434499593165175e-01,6.426828320970294495e-02
3.943585570924871275e-01,6.426828320970294495e-02
3.932736642256577375e-01,6.426828320970294495e-02
3.921887713588282920e-01,6.426828320970294495e-02
3.911038784919989020e-01,6.426828320970294495e-02
3.900189856251695120e-01,6.426828320970294495e-02
3.889340927583401220e-01,6.426828320970294495e-02
3.878491998915107319e-01,6.426828320970294495e-02
3.867643070246812864e-01,6.426828320970294495e-02
3.856794141578518964e-01,6.426828320970294495e-02
3.799837266069975850e-01,6.372583677628824994e-02
3.791700569568755008e-01,6.372583677628824994e-02
3.780851640900461108e-01,6.372583677628824994e-02
3.770002712232167208e-01,6.372583677628824994e-02
3.759153783563873308e-01,6.372583677628824994e-02
3.748304854895578853e-01,6.372583677628824994e-02
3.737455926227284952e-01,6.372583677628824994e-02
3.726606997558991052e-01,6.372583677628824994e-02
3.715758068890697152e-01,6.372583677628824994e-02
3.704909140222403252e-01,6.372583677628824994e-02
3.694060211554108797e-01,6.372583677628824994e-02
3.683211282885814897e-01,6.372583677628824994e-02
3.672362354217520997e-01,6.372583677628824994e-02
3.658801193382153483e-01,6.372583677628824994e-02
3.618117710876050941e-01,6.318339034287355493e-02
3.607268782207757041e-01,6.318339034287355493e-02
3.596419853539463141e-01,6.318339034287355493e-02
3.585570924871169241e-01,6.318339034287355493e-02
3.574721996202874785e-01,6.318339034287355493e-02
3.563873067534580885e-01,6.318339034287355493e-02
3.553024138866286985e-01,6.318339034287355493e-02
3.542175210197993085e-01,6.318339034287355493e-02
3.525901817195551957e-01,6.318339034287355493e-02
3.482506102522375802e-01,6.264094390945884605e-02
3.471657173854081901e-01,6.264094390945884605e-02
3.460808245185788001e-01,6.264094390945884605e-02
3.449959316517494101e-01,6.264094390945884605e-02
3.439110387849199646e-01,6.264094390945884605e-02
3.428261459180905746e-01,6.264094390945884605e-02
3.417412530512611846e-01,6.264094390945884605e-02
3.406563601844317946e-01,6.264094390945884605e-02
3.382153512340656532e-01,6.209849747604415104e-02
3.374016815839435690e-01,6.209849747604415104e-02
3.363167887171141790e-01,6.209849747604415104e-02
3.352318958502847890e-01,6.209849747604415104e-02
3.341470029834553990e-01,6.209849747604415104e-02
3.330621101166260090e-01,6.209849747604415104e-02
3.319772172497965634e-01,6.209849747604415104e-02
3.308923243829671734e-01,6.209849747604415104e-02
3.276376457824790034e-01,6.155605104262944910e-02
3.265527529156495579e-01,6.155605104262944910e-02
3.254678600488201679e-01,6.155605104262944910e-02
3.243829671819907778e-01,6.155605104262944910e-02
3.232980743151613878e-01,6.155605104262944910e-02
3.222131814483319978e-01,6.155605104262944910e-02
3.189585028478437723e-01,6.101360460921474715e-02
3.178736099810143823e-01,6.101360460921474715e-02
3.167887171141849922e-01,6.101360460921474715e-02
3.157038242473555467e-01,6.101360460921474715e-02
3.146189313805261567e-01,6.101360460921474715e-02
3.135340385136967667e-01,6.101360460921474715e-02
3.110930295633306253e-01,6.047115817580004521e-02
3.102793599132085967e-01,6.047115817580004521e-02
3.091944670463791511e-01,6.047115817580004521e-02
3.081095741795497611e-01,6.047115817580004521e-02
3.070246813127203711e-01,6.047115817580004521e-02
3.059397884458909811e-01,6.047115817580004521e-02
3.034987794955248397e-01,5.992871174238534326e-02
3.026851098454027555e-01,5.992871174238534326e-02
3.016002169785733655e-01,5.992871174238534326e-02
3.005153241117439755e-01,5.992871174238534326e-02
2.994304312449145855e-01,5.992871174238534326e-02
2.967181990778410827e-01,5.938626530897064826e-02
2.956333062110116372e-01,5.938626530897064826e-02
2.945484133441822472e-01,5.938626530897064826e-02
2.934635204773528572e-01,5.938626530897064826e-02
2.923786276105234672e-01,5.938626530897064826e-02
2.896663954434499644e-01,5.884381887555594631e-02
2.885815025766205744e-01,5.884381887555594631e-02
2.874966097097911844e-01,5.884381887555594631e-02
2.864117168429617388e-01,5.884381887555594631e-02
2.839707078925955974e-01,5.830137244214124437e-02
2.831570382424735688e-01,5.830137244214124437e-02
2.820721453756441788e-01,5.830137244214124437e-02
2.809872525088147333e-01,5.830137244214124437e-02
2.799023596419853432e-01,5.830137244214124437e-02
2.780037971250339246e-01,5.775892600872654936e-02
2.766476810414971732e-01,5.775892600872654936e-02
2.755627881746677277e-01,5.775892600872654936e-02
2.744778953078383377e-01,5.775892600872654936e-02
2.725793327908869190e-01,5.721647957531184742e-02
2.717656631407648349e-01,5.721647957531184742e-02
2.706807702739354449e-01,5.721647957531184742e-02
2.695958774071060549e-01,5.721647957531184742e-02
2.668836452400325521e-01,5.667403314189714547e-02
2.657987523732031621e-01,5.667403314189714547e-02
2.647138595063737720e-01,5.667403314189714547e-02
2.636289666395443265e-01,5.667403314189714547e-02
2.617304041225929079e-01,5.613158670848244353e-02
2.609167344724708237e-01,5.613158670848244353e-02
2.598318416056414337e-01,5.613158670848244353e-02
2.587469487388120437e-01,5.613158670848244353e-02
2.568483862218605696e-01,5.558914027506774158e-02
2.560347165717385409e-01,5.558914027506774158e-02
2.549498237049091509e-01,5.558914027506774158e-02
2.538649308380797609e-01,5.558914027506774158e-02
2.519663683211282867e-01,5.504669384165304657e-02
2.511526986710062581e-01,5.504669384165304657e-02
2.500678058041768126e-01,5.504669384165304657e-02
2.489829129373474503e-01,5.504669384165304657e-02
2.468131272036886426e-01,5.450424740823834463e-02
2.457282343368592248e-01,5.450424740823834463e-02
2.446433414700298348e-01,5.450424740823834463e-02
2.424735557363710270e-01,5.396180097482364268e-02
2.413886628695416370e-01,5.396180097482364268e-02
2.403037700027122192e-01,5.396180097482364268e-02
2.381339842690534392e-01,5.341935454140894074e-02
2.370490914022240214e-01,5.341935454140894074e-02
2.359641985353946314e-01,5.341935454140894074e-02
2.337944128017358236e-01,5.287690810799423879e-02
2.327095199349064336e-01,5.287690810799423879e-02
2.316246270680770158e-01,5.287690810799423879e-02
2.297260645511255694e-01,5.233446167457954379e-02
2.289123949010035131e-01,5.233446167457954379e-02
2.278275020341741230e-01,5.233446167457954379e-02
2.253864930838079816e-01,5.179201524116484184e-02
2.245728234336859253e-01,5.179201524116484184e-02
2.234879305668565352e-01,5.179201524116484184e-02
2.218605912666124225e-01,5.124956880775013990e-02
2.207756983997830325e-01,5.124956880775013990e-02
2.196908055329536147e-01,5.124956880775013990e-02
2.177922430160021683e-01,5.070712237433544489e-02
2.169785733658801119e-01,5.070712237433544489e-02
2.158936804990507219e-01,5.070712237433544489e-02
2.137238947653919141e-01,5.016467594092073601e-02
2.126390018985625241e-01,5.016467594092073601e-02
2.107404393816110777e-01,4.962222950750604100e-02
2.099267697314890213e-01,4.962222950750604100e-02
2.088418768646596035e-01,4.962222950750604100e-02
2.069433143477081571e-01,4.907978307409133906e-02
2.061296446975861008e-01,4.907978307409133906e-02
2.050447518307567107e-01,4.907978307409133906e-02
2.036886357472199593e-01,4.853733664067663711e-02
2.028749660970979030e-01,4.853733664067663711e-02
2.017900732302685129e-01,4.853733664067663711e-02
2.001627339300244002e-01,4.799489020726194211e-02
1.990778410631950102e-01,4.799489020726194211e-02
1.979929481963656202e-01,4.799489020726194211e-02
1.969080553295362024e-01,4.799489020726194211e-02
1.958231624627068124e-01,4.837460271065223416e-02
1.950094928125847560e-01,4.962222950750604100e-02
1.950094928125847560e-01,5.043589915762809045e-02
1.944670463791700610e-01,5.260568489128689129e-02
1.944670463791700610e-01,5.369057775811629518e-02
1.939245999457553660e-01,5.531791705836039408e-02
1.939245999457553660e-01,5.640280992518979797e-02
1.933821535123406432e-01,5.857259565884859187e-02
1.933821535123406432e-01,5.965748852567799576e-02
1.928397070789259482e-01,6.182727425933679660e-02
1.928397070789259482e-01,6.291216712616619355e-02
1.922972606455112532e-01,6.508195285982500133e-02
1.914835909953891968e-01,6.616684572665440522e-02
1.903986981285598068e-01,6.670929216006910023e-02
1.882289123949009990e-01,6.643806894336175273e-02
1.871440195280716090e-01,6.643806894336175273e-02
1.857879034445348576e-01,6.589562250994704384e-02
1.849742337944128012e-01,6.589562250994704384e-02
1.838893409275834112e-01,6.589562250994704384e-02
1.822620016273392984e-01,6.535317607653234884e-02
1.811771087605099084e-01,6.535317607653234884e-02
1.790073230268511006e-01,6.481072964311765383e-02
1.779224301600217106e-01,6.481072964311765383e-02
1.762950908597775979e-01,6.426828320970294495e-02
1.752101979929482078e-01,6.426828320970294495e-02
1.735828586927040951e-01,6.345461355958090244e-02
1.727691890425820387e-01,6.236972069275149855e-02
1.727691890425820387e-01,6.074238139250739965e-02
1.727691890425820387e-01,5.965748852567799576e-02
1.733116354759967337e-01,5.803014922543389686e-02
1.733116354759967337e-01,5.694525635860449297e-02
1.733116354759967337e-01,5.613158670848244353e-02
1.738540819094114565e-01,5.477547062494569213e-02
1.738540819094114565e-01,5.369057775811629518e-02
1.743965283428261515e-01,5.152079202445749434e-02
1.743965283428261515e-01,5.043589915762809045e-02
1.749389747762408465e-01,4.880855985738399155e-02
1.749389747762408465e-01,4.772366699055459460e-02
1.749389747762408465e-01,4.690999734043253822e-02
1.749389747762408465e-01,4.501143482348109182e-02
1.741253051261187901e-01,4.392654195665168793e-02
1.719555193924599823e-01,4.311287230652963848e-02
1.708706265256305923e-01,4.311287230652963848e-02
1.692432872253864795e-01,4.257042587311493653e-02
1.681583943585570895e-01,4.257042587311493653e-02
1.665310550583130045e-01,4.202797943970024153e-02
1.654461621914835867e-01,4.202797943970024153e-02
1.640900461079468353e-01,4.148553300628553264e-02
1.632763764578247789e-01,4.148553300628553264e-02
1.611065907241659989e-01,4.094308657287083764e-02
1.600216978573365811e-01,4.094308657287083764e-02
1.586655817737998297e-01,4.040064013945613569e-02
1.578519121236777734e-01,4.040064013945613569e-02
1.556821263900189933e-01,3.985819370604143375e-02
1.535123406563601856e-01,3.931574727262673874e-02
1.524274477895307955e-01,3.931574727262673874e-02
1.510713317059940441e-01,3.877330083921202986e-02
1.502576620558719878e-01,3.877330083921202986e-02
1.483590995389205414e-01,3.823085440579733485e-02
1.475454298887984850e-01,3.823085440579733485e-02
1.461893138052617336e-01,3.768840797238263290e-02
1.453756441551396772e-01,3.768840797238263290e-02
1.434770816381882308e-01,3.714596153896793096e-02
1.426634119880661744e-01,3.714596153896793096e-02
1.413072959045294230e-01,3.660351510555323595e-02
1.404936262544073666e-01,3.660351510555323595e-02
1.391375101708706152e-01,3.606106867213853401e-02
1.383238405207485866e-01,3.606106867213853401e-02
1.369677244372118352e-01,3.551862223872383206e-02
1.361540547870897788e-01,3.551862223872383206e-02
1.339842690534309710e-01,3.497617580530913012e-02
1.318144833197721633e-01,3.443372937189443511e-02
1.296446975861133832e-01,3.389128293847973317e-02
1.274749118524545755e-01,3.334883650506503122e-02
1.253051261187957677e-01,3.280639007165032928e-02
1.239490100352590163e-01,3.226394363823563427e-02
1.231353403851369738e-01,3.226394363823563427e-02
1.217792243016002224e-01,3.172149720482093233e-02
1.209655546514781660e-01,3.172149720482093233e-02
1.190669921345267196e-01,3.117905077140623038e-02
1.171684296175752593e-01,3.063660433799152844e-02
1.149986438839164654e-01,3.009415790457683343e-02
1.136425278003797140e-01,2.955171147116213148e-02
1.128288581502576576e-01,2.955171147116213148e-02
1.112015188500135587e-01,2.900926503774742954e-02
1.098454027664768073e-01,2.846681860433272759e-02
1.090317331163547648e-01,2.846681860433272759e-02
1.074043938161106659e-01,2.792437217091802565e-02
1.057770545158665532e-01,2.738192573750333064e-02
1.036072687822077593e-01,2.683947930408862870e-02
1.019799294819636604e-01,2.629703287067392675e-02
1.003525901817195615e-01,2.575458643725922481e-02
9.899647409818281008e-02,2.521214000384452980e-02
9.818280444806075369e-02,2.521214000384452980e-02
9.655546514781665479e-02,2.466969357042982786e-02
9.492812584757255590e-02,2.412724713701512591e-02
9.330078654732845700e-02,2.358480070360042397e-02
9.167344724708434422e-02,2.304235427018572896e-02
9.004610794684024533e-02,2.249990783677102701e-02
8.841876864659614643e-02,2.195746140335632507e-02
8.679142934635204754e-02,2.141501496994162312e-02
8.516409004610794864e-02,2.087256853652692812e-02
8.353675074586384974e-02,2.033012210311222617e-02
8.190941144561975085e-02,1.978767566969752423e-02
8.028207214537563807e-02,1.924522923628282228e-02
7.892595606183888668e-02,1.870278280286812728e-02
7.756983997830214916e-02,1.816033636945342533e-02
7.594250067805803639e-02,1.761788993603872339e-02
7.431516137781393749e-02,1.707544350262402144e-02
7.323026851098453360e-02,1.653299706920931950e-02
7.160292921074043471e-02,1.599055063579462449e-02
7.024681312720368331e-02,1.544810420237992254e-02
6.889069704366693192e-02,1.490565776896522060e-02
6.753458096013018053e-02,1.436321133555051865e-02
6.617846487659344301e-02,1.382076490213582365e-02
6.482234879305669162e-02,1.327831846872112170e-02
6.346623270951994022e-02,1.273587203530641976e-02
6.211011662598318189e-02,1.219342560189171781e-02
6.075400054244643050e-02,1.165097916847702281e-02
5.966910767561703355e-02,1.110853273506232086e-02
5.831299159208028215e-02,1.056608630164761892e-02
5.722809872525087826e-02,1.002363986823291697e-02
5.587198264171413381e-02,9.481193434818221966e-03
5.451586655817738242e-02,8.938747001403520021e-03
5.343097369134797853e-02,8.396300567988818075e-03
5.234608082451858158e-02,7.853854134574116130e-03
5.126118795768917769e-02,7.311407701159414185e-03
5.017629509085978073e-02,6.768961267744719179e-03
4.909140222403037684e-02,6.226514834330017234e-03
4.800650935720097295e-02,5.684068400915315289e-03
4.719283970707892351e-02,5.412845184207967786e-03
4.610794684024952655e-02,4.870398750793265841e-03
4.502305397342012266e-02,4.327952317378563896e-03
4.366693788988337127e-02,3.514282667256521386e-03
4.258204502305397432e-02,2.971836233841812502e-03
4.149715215622457043e-02,2.429389800427117496e-03
4.041225928939517348e-02,1.886943367012408612e-03
3.932736642256576959e-02,1.344496933597713606e-03
3.797125033902901819e-02,5.308272834756572189e-04
3.661513425549226680e-02,-2.828423666463852904e-04
3.525901817195552235e-02,-1.096512016768441677e-03
3.417412530512611846e-02,-1.638958450183136684e-03
3.254678600488201956e-02,-2.723851317012540574e-03
3.146189313805261567e-02,-3.266297750427235580e-03
2.983455383780851677e-02,-4.351190617256639470e-03
2.820721453756441441e-02,-5.436083484086043360e-03
2.657987523732031551e-02,-6.520976350915433373e-03
2.495253593707621315e-02,-7.605869217744837263e-03
2.359641985353946175e-02,-8.419538867866893650e-03
2.278275020341741230e-02,-9.233208517988936159e-03
2.142663411988066091e-02,-1.004687816811099255e-02
2.061296446975861146e-02,-1.086054781823304893e-02
1.925684838622186007e-02,-1.167421746835509144e-02
1.844317873609981062e-02,-1.248788711847714783e-02
1.735828586927041020e-02,-1.357277998530653784e-02
1.573094656902630784e-02,-1.465767285213594173e-02
1.464605370219690741e-02,-1.574256571896534562e-02
1.356116083536750699e-02,-1.682745858579474951e-02
1.247626796853810657e-02,-1.791235145262413953e-02
1.139137510170870615e-02,-1.899724431945354342e-02
1.030648223487930573e-02,-2.008213718628294731e-02
9.221589368049905311e-03,-2.116703005311235120e-02
8.407919717927854128e-03,-2.225192291994175509e-02
7.594250067805803812e-03,-2.333681578677114510e-02
6.780580417683753497e-03,-2.442170865360054899e-02
5.966910767561703181e-03,-2.550660152042995288e-02
5.153241117439652866e-03,-2.659149438725935677e-02
4.610794684024952655e-03,-2.740516403738139928e-02
4.068348250610252445e-03,-2.821883368750345567e-02
3.525901817195551801e-03,-2.930372655433284568e-02
2.712232167073501485e-03,-3.065984263786959707e-02
2.441008950366151380e-03,-3.174473550469900096e-02
1.898562516951450953e-03,-3.255840515482105735e-02
1.356116083536750743e-03,-3.364329802165046124e-02
1.356116083536750743e-03,-3.445696767177250375e-02
8.136696501220504240e-04,-3.527063732189456013e-02
8.136696501220504240e-04,-3.635553018872395015e-02
2.712232167073501594e-04,-3.744042305555335404e-02
2.712232167073501594e-04,-3.852531592238275793e-02
