0.000000000000000000e+00,-4.097392363403683235e-02
2.712232167073501594e-04,-4.189608257084181941e-02
2.712232167073501594e-04,-4.298097543767120943e-02
2.712232167073501594e-04,-4.406586830450061332e-02
5.424464334147003188e-04,-4.504227188464708653e-02
1.627339300244100848e-03,-4.558471831806178154e-02
1.898562516951450953e-03,-4.677810047157411610e-02
3.254678600488201696e-03,-4.840543977181821500e-02
4.339571467317602550e-03,-4.894788620523292388e-02
5.424464334147002971e-03,-4.976155585535496639e-02
6.509357200976403392e-03,-5.030400228876966140e-02
7.594250067805803812e-03,-5.057522550547702278e-02
8.679142934635205101e-03,-5.084644872218437028e-02
9.764035801464605521e-03,-5.138889515559906529e-02
1.084892866829400594e-02,-5.138889515559906529e-02
1.193382153512340636e-02,-5.193134158901377417e-02
1.301871440195280678e-02,-5.193134158901377417e-02
1.410360726878220720e-02,-5.247378802242846918e-02
1.518850013561160762e-02,-5.247378802242846918e-02
1.627339300244100978e-02,-5.274501123913581668e-02
1.735828586927041020e-02,-5.301623445584316419e-02
1.844317873609981062e-02,-5.301623445584316419e-02
1.952807160292921104e-02,-5.328745767255052557e-02
2.061296446975861146e-02,-5.355868088925787307e-02
2.169785733658801188e-02,-5.355868088925787307e-02
2.251152698671006133e-02,-5.355868088925787307e-02
2.386764307024681273e-02,-5.410112732267256808e-02
2.495253593707621315e-02,-5.410112732267256808e-02
2.603742880390561357e-02,-5.410112732267256808e-02
2.712232167073501399e-02,-5.410112732267256808e-02
2.820721453756441441e-02,-5.437235053937991558e-02
2.983455383780851677e-02,-5.464357375608727696e-02
3.091944670463791719e-02,-5.464357375608727696e-02
3.200433957146731762e-02,-5.464357375608727696e-02
3.308923243829672151e-02,-5.464357375608727696e-02
3.417412530512611846e-02,-5.464357375608727696e-02
3.525901817195552235e-02,-5.464357375608727696e-02
3.634391103878491930e-02,-5.464357375608727696e-02
4.014103607268781904e-02,-5.518602018950197197e-02
4.122592893951722293e-02,-5.518602018950197197e-02
4.231082180634661988e-02,-5.518602018950197197e-02
4.339571467317602377e-02,-5.518602018950197197e-02
4.448060754000542766e-02,-5.518602018950197197e-02
4.556550040683482461e-02,-5.518602018950197197e-02
4.665039327366422850e-02,-5.518602018950197197e-02
4.773528614049362545e-02,-5.518602018950197197e-02
4.882017900732302934e-02,-5.518602018950197197e-02
4.990507187415242629e-02,-5.518602018950197197e-02
5.098996474098183018e-02,-5.518602018950197197e-02
5.207485760781122713e-02,-5.518602018950197197e-02
5.315975047464063102e-02,-5.518602018950197197e-02
5.424464334147002798e-02,-5.518602018950197197e-02
5.532953620829943187e-02,-5.518602018950197197e-02
5.641442907512882882e-02,-5.518602018950197197e-02
5.749932194195823271e-02,-5.518602018950197197e-02
5.858421480878762966e-02,-5.518602018950197197e-02
5.966910767561703355e-02,-5.518602018950197197e-02
6.075400054244643050e-02,-5.518602018950197197e-02
6.156767019256848689e-02,-5.518602018950197197e-02
6.617846487659344301e-02,-5.464357375608727696e-02
6.726335774342283302e-02,-5.464357375608727696e-02
6.834825061025223691e-02,-5.464357375608727696e-02
6.943314347708164080e-02,-5.464357375608727696e-02
7.051803634391104469e-02,-5.464357375608727696e-02
7.160292921074043471e-02,-5.464357375608727696e-02
7.268782207756983860e-02,-5.464357375608727696e-02
7.377271494439924249e-02,-5.464357375608727696e-02
7.485760781122864638e-02,-5.464357375608727696e-02
7.594250067805803639e-02,-5.464357375608727696e-02
7.756983997830214916e-02,-5.464357375608727696e-02
7.865473284513153918e-02,-5.464357375608727696e-02
8.299430431244914086e-02,-5.410112732267256808e-02
8.407919717927854475e-02,-5.410112732267256808e-02
8.516409004610794864e-02,-5.410112732267256808e-02
8.624898291293735253e-02,-5.410112732267256808e-02
8.733387577976674254e-02,-5.410112732267256808e-02
8.841876864659614643e-02,-5.410112732267256808e-02
8.950366151342555032e-02,-5.410112732267256808e-02
9.031733116354759283e-02,-5.410112732267256808e-02
9.167344724708434422e-02,-5.410112732267256808e-02
9.547057228098725090e-02,-5.355868088925787307e-02
9.655546514781665479e-02,-5.355868088925787307e-02
9.764035801464605868e-02,-5.355868088925787307e-02
9.872525088147544869e-02,-5.355868088925787307e-02
9.981014374830485258e-02,-5.355868088925787307e-02
1.008950366151342565e-01,-5.355868088925787307e-02
1.019799294819636604e-01,-5.355868088925787307e-02
1.030648223487930504e-01,-5.355868088925787307e-02
1.057770545158665532e-01,-5.301623445584316419e-02
1.068619473826959571e-01,-5.301623445584316419e-02
1.079468402495253609e-01,-5.301623445584316419e-02
1.090317331163547648e-01,-5.301623445584316419e-02
1.101166259831841548e-01,-5.301623445584316419e-02
1.112015188500135587e-01,-5.301623445584316419e-02
1.122864117168429626e-01,-5.301623445584316419e-02
1.133713045836723665e-01,-5.301623445584316419e-02
1.166259831841605643e-01,-5.247378802242846918e-02
1.177108760509899682e-01,-5.247378802242846918e-02
1.187957689178193721e-01,-5.247378802242846918e-02
1.198806617846487621e-01,-5.247378802242846918e-02
1.209655546514781660e-01,-5.247378802242846918e-02
1.220504475183075699e-01,-5.247378802242846918e-02
1.228641171684296124e-01,-5.247378802242846918e-02
1.263900189856251577e-01,-5.193134158901377417e-02
1.274749118524545755e-01,-5.193134158901377417e-02
1.285598047192839655e-01,-5.193134158901377417e-02
1.296446975861133832e-01,-5.193134158901377417e-02
1.307295904529427732e-01,-5.193134158901377417e-02
1.318144833197721633e-01,-5.193134158901377417e-02
1.328993761866015810e-01,-5.193134158901377417e-02
1.356116083536750838e-01,-5.138889515559906529e-02
1.366965012205044738e-01,-5.138889515559906529e-02
1.377813940873338638e-01,-5.138889515559906529e-02
1.388662869541632816e-01,-5.138889515559906529e-02
1.399511798209926716e-01,-5.138889515559906529e-02
1.410360726878220894e-01,-5.138889515559906529e-02
1.421209655546514794e-01,-5.138889515559906529e-02
1.453756441551396772e-01,-5.084644872218437028e-02
1.464605370219690672e-01,-5.084644872218437028e-02
1.475454298887984850e-01,-5.084644872218437028e-02
1.486303227556278750e-01,-5.084644872218437028e-02
1.497152156224572928e-01,-5.084644872218437028e-02
1.508001084892866828e-01,-5.084644872218437028e-02
1.545972335231895756e-01,-5.030400228876966140e-02
1.556821263900189933e-01,-5.030400228876966140e-02
1.567670192568483833e-01,-5.030400228876966140e-02
1.578519121236777734e-01,-5.030400228876966140e-02
1.589368049905071911e-01,-5.030400228876966140e-02
1.600216978573365811e-01,-5.030400228876966140e-02
1.608353675074586375e-01,-5.030400228876966140e-02
1.632763764578247789e-01,-4.976155585535496639e-02
1.643612693246541967e-01,-4.976155585535496639e-02
1.654461621914835867e-01,-4.976155585535496639e-02
1.665310550583130045e-01,-4.976155585535496639e-02
1.676159479251423945e-01,-4.976155585535496639e-02
1.687008407919717845e-01,-4.976155585535496639e-02
1.697857336588012023e-01,-4.976155585535496639e-02
1.730404122592894001e-01,-4.921910942194027139e-02
1.741253051261187901e-01,-4.921910942194027139e-02
1.752101979929482078e-01,-4.921910942194027139e-02
1.762950908597775979e-01,-4.921910942194027139e-02
1.773799837266069879e-01,-4.921910942194027139e-02
1.781936533767290443e-01,-4.921910942194027139e-02
1.811771087605099084e-01,-4.867666298852556250e-02
1.822620016273392984e-01,-4.867666298852556250e-02
1.833468944941686884e-01,-4.867666298852556250e-02
1.844317873609981062e-01,-4.867666298852556250e-02
1.855166802278274962e-01,-4.867666298852556250e-02
1.866015730946569140e-01,-4.867666298852556250e-02
1.876864659614863040e-01,-4.867666298852556250e-02
1.903986981285598068e-01,-4.813421655511086750e-02
1.914835909953891968e-01,-4.813421655511086750e-02
1.925684838622186146e-01,-4.813421655511086750e-02
1.936533767290480046e-01,-4.813421655511086750e-02
1.947382695958773946e-01,-4.813421655511086750e-02
1.958231624627068124e-01,-4.813421655511086750e-02
1.966368321128288688e-01,-4.813421655511086750e-02
1.996202874966097052e-01,-4.759177012169617249e-02
2.007051803634391229e-01,-4.759177012169617249e-02
2.017900732302685129e-01,-4.759177012169617249e-02
2.028749660970979030e-01,-4.759177012169617249e-02
2.039598589639273207e-01,-4.759177012169617249e-02
2.053159750474640721e-01,-4.759177012169617249e-02
2.082994304312449085e-01,-4.704932368828146361e-02
2.093843232980743263e-01,-4.704932368828146361e-02
2.104692161649037163e-01,-4.704932368828146361e-02
2.115541090317331063e-01,-4.704932368828146361e-02
2.126390018985625241e-01,-4.704932368828146361e-02
2.137238947653919141e-01,-4.704932368828146361e-02
2.169785733658801119e-01,-4.650687725486676860e-02
2.180634662327095297e-01,-4.650687725486676860e-02
2.191483590995389197e-01,-4.650687725486676860e-02
2.202332519663683097e-01,-4.650687725486676860e-02
2.213181448331977275e-01,-4.650687725486676860e-02
2.224030377000271175e-01,-4.650687725486676860e-02
2.232167073501491739e-01,-4.650687725486676860e-02
2.262001627339300380e-01,-4.596443082145205972e-02
2.272850556007594280e-01,-4.596443082145205972e-02
2.283699484675888181e-01,-4.596443082145205972e-02
2.294548413344182358e-01,-4.596443082145205972e-02
2.305397342012476258e-01,-4.596443082145205972e-02
2.316246270680770158e-01,-4.596443082145205972e-02
2.348793056685652414e-01,-4.542198438803736471e-02
2.359641985353946314e-01,-4.542198438803736471e-02
2.370490914022240214e-01,-4.542198438803736471e-02
2.381339842690534392e-01,-4.542198438803736471e-02
2.392188771358828292e-01,-4.542198438803736471e-02
2.403037700027122192e-01,-4.542198438803736471e-02
2.413886628695416370e-01,-4.542198438803736471e-02
2.441008950366151398e-01,-4.487953795462266970e-02
2.451857879034445298e-01,-4.487953795462266970e-02
2.462706807702739475e-01,-4.487953795462266970e-02
2.473555736371033376e-01,-4.487953795462266970e-02
2.484404665039327276e-01,-4.487953795462266970e-02
2.495253593707621453e-01,-4.487953795462266970e-02
2.503390290208841740e-01,-4.487953795462266970e-02
2.527800379712503154e-01,-4.433709152120796082e-02
2.538649308380797609e-01,-4.433709152120796082e-02
2.549498237049091509e-01,-4.433709152120796082e-02
2.560347165717385409e-01,-4.433709152120796082e-02
2.571196094385679309e-01,-4.433709152120796082e-02
2.582045023053973209e-01,-4.433709152120796082e-02
2.592893951722267665e-01,-4.433709152120796082e-02
2.620016273393002693e-01,-4.379464508779326581e-02
2.630865202061296593e-01,-4.379464508779326581e-02
2.641714130729590493e-01,-4.379464508779326581e-02
2.652563059397884393e-01,-4.379464508779326581e-02
2.663411988066178293e-01,-4.379464508779326581e-02
2.674260916734472748e-01,-4.379464508779326581e-02
2.685109845402766648e-01,-4.379464508779326581e-02
2.712232167073501676e-01,-4.325219865437857081e-02
2.723081095741795576e-01,-4.325219865437857081e-02
2.733930024410089477e-01,-4.325219865437857081e-02
2.744778953078383377e-01,-4.325219865437857081e-02
2.755627881746677277e-01,-4.325219865437857081e-02
2.766476810414971732e-01,-4.325219865437857081e-02
2.777325739083265632e-01,-4.325219865437857081e-02
2.804448060754000660e-01,-4.270975222096386192e-02
2.815296989422294560e-01,-4.270975222096386192e-02
2.826145918090588460e-01,-4.270975222096386192e-02
2.836994846758882360e-01,-4.270975222096386192e-02
2.847843775427176816e-01,-4.270975222096386192e-02
2.858692704095470716e-01,-4.270975222096386192e-02
2.869541632763764616e-01,-4.270975222096386192e-02
2.896663954434499644e-01,-4.216730578754916692e-02
2.907512883102793544e-01,-4.216730578754916692e-02
2.918361811771087444e-01,-4.216730578754916692e-02
2.929210740439381344e-01,-4.216730578754916692e-02
2.940059669107675799e-01,-4.216730578754916692e-02
2.950908597775969699e-01,-4.216730578754916692e-02
2.961757526444263600e-01,-4.216730578754916692e-02
2.994304312449145855e-01,-4.162485935413445803e-02
3.005153241117439755e-01,-4.162485935413445803e-02
3.016002169785733655e-01,-4.162485935413445803e-02
3.026851098454027555e-01,-4.162485935413445803e-02
3.037700027122321456e-01,-4.162485935413445803e-02
3.048548955790615911e-01,-4.162485935413445803e-02
3.056685652291836197e-01,-4.162485935413445803e-02
3.086520206129644839e-01,-4.108241292071976303e-02
3.097369134797938739e-01,-4.108241292071976303e-02
3.108218063466232639e-01,-4.108241292071976303e-02
3.119066992134526539e-01,-4.108241292071976303e-02
3.129915920802820994e-01,-4.108241292071976303e-02
3.140764849471114895e-01,-4.108241292071976303e-02
3.151613778139408795e-01,-4.108241292071976303e-02
3.178736099810143823e-01,-4.053996648730506802e-02
3.189585028478437723e-01,-4.053996648730506802e-02
3.200433957146731623e-01,-4.053996648730506802e-02
3.211282885815025523e-01,-4.053996648730506802e-02
3.222131814483319978e-01,-4.053996648730506802e-02
3.230268510984540264e-01,-4.053996648730506802e-02
3.243829671819907778e-01,-4.053996648730506802e-02
3.251966368321128065e-01,-4.053996648730506802e-02
3.273664225657716420e-01,-3.999752005389035914e-02
3.287225386493083934e-01,-3.999752005389035914e-02
3.298074315161377834e-01,-3.999752005389035914e-02
3.308923243829671734e-01,-3.999752005389035914e-02
3.319772172497965634e-01,-3.999752005389035914e-02
3.330621101166260090e-01,-3.999752005389035914e-02
3.341470029834553990e-01,-3.999752005389035914e-02
3.349606726335774276e-01,-3.999752005389035914e-02
3.379441280173582918e-01,-3.945507362047566413e-02
3.390290208841876818e-01,-3.945507362047566413e-02
3.401139137510170718e-01,-3.945507362047566413e-02
3.411988066178464618e-01,-3.945507362047566413e-02
3.422836994846759073e-01,-3.945507362047566413e-02
3.433685923515052973e-01,-3.945507362047566413e-02
3.444534852183346874e-01,-3.945507362047566413e-02
3.471657173854081901e-01,-3.891262718706095525e-02
3.482506102522375802e-01,-3.891262718706095525e-02
3.493355031190669702e-01,-3.891262718706095525e-02
3.504203959858964157e-01,-3.891262718706095525e-02
3.515052888527258057e-01,-3.891262718706095525e-02
3.525901817195551957e-01,-3.891262718706095525e-02
3.536750745863845857e-01,-3.891262718706095525e-02
3.544887442365066699e-01,-3.891262718706095525e-02
3.569297531868728113e-01,-3.837018075364626024e-02
3.580146460537022013e-01,-3.837018075364626024e-02
3.590995389205315913e-01,-3.837018075364626024e-02
3.601844317873609813e-01,-3.837018075364626024e-02
3.612693246541903713e-01,-3.837018075364626024e-02
3.623542175210198169e-01,-3.837018075364626024e-02
3.634391103878492069e-01,-3.837018075364626024e-02
3.642527800379712355e-01,-3.837018075364626024e-02
3.672362354217520997e-01,-3.782773432023156523e-02
3.683211282885814897e-01,-3.782773432023156523e-02
3.694060211554108797e-01,-3.782773432023156523e-02
3.704909140222403252e-01,-3.782773432023156523e-02
3.715758068890697152e-01,-3.782773432023156523e-02
3.726606997558991052e-01,-3.782773432023156523e-02
3.737455926227284952e-01,-3.782773432023156523e-02
3.745592622728505794e-01,-3.782773432023156523e-02
3.775427176566313880e-01,-3.728528788681685635e-02
3.786276105234608336e-01,-3.728528788681685635e-02
3.797125033902902236e-01,-3.728528788681685635e-02
3.807973962571196136e-01,-3.728528788681685635e-02
3.818822891239490036e-01,-3.728528788681685635e-02
3.829671819907783936e-01,-3.728528788681685635e-02
3.837808516409004778e-01,-3.728528788681685635e-02
3.873067534580960092e-01,-3.674284145340216134e-02
3.883916463249253992e-01,-3.674284145340216134e-02
3.894765391917547892e-01,-3.674284145340216134e-02
3.905614320585842347e-01,-3.674284145340216134e-02
3.916463249254136247e-01,-3.674284145340216134e-02
3.927312177922430148e-01,-3.674284145340216134e-02
3.938161106590724048e-01,-3.674284145340216134e-02
3.946297803091944889e-01,-3.674284145340216134e-02
3.976132356929752976e-01,-3.620039501998746634e-02
3.986981285598047431e-01,-3.620039501998746634e-02
3.997830214266341331e-01,-3.620039501998746634e-02
4.008679142934635231e-01,-3.620039501998746634e-02
4.019528071602929131e-01,-3.620039501998746634e-02
4.030377000271223031e-01,-3.620039501998746634e-02
4.041225928939517487e-01,-3.620039501998746634e-02
4.084621643612693087e-01,-3.565794858657275745e-02
4.095470572280986987e-01,-3.565794858657275745e-02
4.106319500949281442e-01,-3.565794858657275745e-02
4.117168429617575343e-01,-3.565794858657275745e-02
4.128017358285869243e-01,-3.565794858657275745e-02
4.138866286954163143e-01,-3.565794858657275745e-02
4.149715215622457043e-01,-3.565794858657275745e-02
4.182262001627339298e-01,-3.511550215315806245e-02
4.193110930295633199e-01,-3.511550215315806245e-02
4.203959858963927099e-01,-3.511550215315806245e-02
4.214808787632221554e-01,-3.511550215315806245e-02
4.225657716300515454e-01,-3.511550215315806245e-02
4.236506644968809354e-01,-3.511550215315806245e-02
4.247355573637103254e-01,-3.511550215315806245e-02
4.255492270138324096e-01,-3.511550215315806245e-02
4.290751288310279410e-01,-3.457305571974335356e-02
4.301600216978573310e-01,-3.457305571974335356e-02
4.312449145646867210e-01,-3.457305571974335356e-02
4.323298074315161110e-01,-3.457305571974335356e-02
4.334147002983455566e-01,-3.457305571974335356e-02
4.344995931651749466e-01,-3.457305571974335356e-02
4.353132628152969752e-01,-3.457305571974335356e-02
4.388391646324925621e-01,-3.403060928632865856e-02
4.399240574993219521e-01,-3.403060928632865856e-02
4.410089503661513421e-01,-3.403060928632865856e-02
4.420938432329807322e-01,-3.403060928632865856e-02
4.431787360998101222e-01,-3.403060928632865856e-02
4.442636289666395677e-01,-3.403060928632865856e-02
4.453485218334689577e-01,-3.403060928632865856e-02
4.461621914835909863e-01,-3.403060928632865856e-02
4.491456468673718505e-01,-3.348816285291396355e-02
4.502305397342012405e-01,-3.348816285291396355e-02
4.513154326010306305e-01,-3.348816285291396355e-02
4.524003254678600761e-01,-3.348816285291396355e-02
4.534852183346894661e-01,-3.348816285291396355e-02
4.545701112015188561e-01,-3.348816285291396355e-02
4.556550040683482461e-01,-3.348816285291396355e-02
4.564686737184702747e-01,-3.348816285291396355e-02
4.594521291022511389e-01,-3.294571641949925467e-02
4.605370219690805289e-01,-3.294571641949925467e-02
4.616219148359099744e-01,-3.294571641949925467e-02
4.627068077027393644e-01,-3.294571641949925467e-02
4.637917005695687545e-01,-3.294571641949925467e-02
4.648765934363981445e-01,-3.294571641949925467e-02
4.659614863032275345e-01,-3.294571641949925467e-02
4.692161649037157600e-01,-3.240326998608455966e-02
4.703010577705451500e-01,-3.240326998608455966e-02
4.713859506373745401e-01,-3.240326998608455966e-02
4.724708435042039856e-01,-3.240326998608455966e-02
4.735557363710333756e-01,-3.240326998608455966e-02
4.746406292378627656e-01,-3.240326998608455966e-02
4.757255221046921556e-01,-3.240326998608455966e-02
4.765391917548142398e-01,-3.240326998608455966e-02
4.795226471385950484e-01,-3.186082355266985078e-02
4.806075400054244384e-01,-3.186082355266985078e-02
4.816924328722538839e-01,-3.186082355266985078e-02
4.827773257390832740e-01,-3.186082355266985078e-02
4.838622186059126640e-01,-3.186082355266985078e-02
4.849471114727420540e-01,-3.186082355266985078e-02
4.860320043395714440e-01,-3.186082355266985078e-02
4.903715758068890596e-01,-3.131837711925515577e-02
4.914564686737184496e-01,-3.131837711925515577e-02
4.925413615405478951e-01,-3.131837711925515577e-02
4.936262544073772851e-01,-3.131837711925515577e-02
4.947111472742066751e-01,-3.131837711925515577e-02
4.957960401410360651e-01,-3.131837711925515577e-02
4.966097097911581493e-01,-3.131837711925515577e-02
5.001356116083536252e-01,-3.077593068584046077e-02
5.012205044751830707e-01,-3.077593068584046077e-02
5.023053973420125162e-01,-3.077593068584046077e-02
5.033902902088418507e-01,-3.077593068584046077e-02
5.044751830756712963e-01,-3.077593068584046077e-02
5.055600759425006308e-01,-3.077593068584046077e-02
5.066449688093300763e-01,-3.077593068584046077e-02
5.074586384594521604e-01,-3.077593068584046077e-02
5.104420938432330246e-01,-3.023348425242575188e-02
5.115269867100623591e-01,-3.023348425242575188e-02
5.126118795768918046e-01,-3.023348425242575188e-02
5.136967724437211391e-01,-3.023348425242575188e-02
5.147816653105505846e-01,-3.023348425242575188e-02
5.158665581773800302e-01,-3.023348425242575188e-02
5.169514510442093647e-01,-3.023348425242575188e-02
5.207485760781123130e-01,-2.969103781901105688e-02
5.218334689449416475e-01,-2.969103781901105688e-02
5.229183618117710930e-01,-2.969103781901105688e-02
5.240032546786005385e-01,-2.969103781901105688e-02
5.250881475454298730e-01,-2.969103781901105688e-02
5.261730404122593185e-01,-2.969103781901105688e-02
5.272579332790886530e-01,-2.969103781901105688e-02
5.280716029292107372e-01,-2.969103781901105688e-02
5.310550583129916014e-01,-2.914859138559636187e-02
5.321399511798210469e-01,-2.914859138559636187e-02
5.332248440466503814e-01,-2.914859138559636187e-02
5.343097369134798269e-01,-2.914859138559636187e-02
5.353946297803091614e-01,-2.914859138559636187e-02
5.364795226471386069e-01,-2.914859138559636187e-02
5.375644155139679414e-01,-2.914859138559636187e-02
5.383780851640900256e-01,-2.914859138559636187e-02
5.419039869812856125e-01,-2.860614495218165299e-02
5.429888798481149470e-01,-2.860614495218165299e-02
5.440737727149443925e-01,-2.860614495218165299e-02
5.451586655817738380e-01,-2.860614495218165299e-02
5.462435584486031726e-01,-2.860614495218165299e-02
5.473284513154326181e-01,-2.860614495218165299e-02
5.484133441822619526e-01,-2.860614495218165299e-02
5.516680227827501781e-01,-2.806369851876695798e-02
5.532953620829943464e-01,-2.806369851876695798e-02
5.543802549498236809e-01,-2.806369851876695798e-02
5.554651478166531264e-01,-2.806369851876695798e-02
5.565500406834824609e-01,-2.806369851876695798e-02
5.576349335503119065e-01,-2.806369851876695798e-02
5.587198264171413520e-01,-2.806369851876695798e-02
5.598047192839706865e-01,-2.806369851876695798e-02
5.625169514510441893e-01,-2.752125208535224909e-02
5.636018443178736348e-01,-2.752125208535224909e-02
5.646867371847029693e-01,-2.752125208535224909e-02
5.657716300515324148e-01,-2.752125208535224909e-02
5.668565229183618603e-01,-2.752125208535224909e-02
5.679414157851911948e-01,-2.752125208535224909e-02
5.690263086520206404e-01,-2.752125208535224909e-02
5.701112015188499749e-01,-2.752125208535224909e-02
5.739083265527529232e-01,-2.697880565193755409e-02
5.749932194195823687e-01,-2.697880565193755409e-02
5.760781122864117032e-01,-2.697880565193755409e-02
5.771630051532411487e-01,-2.697880565193755409e-02
5.782478980200704832e-01,-2.697880565193755409e-02
5.793327908868999288e-01,-2.697880565193755409e-02
5.804176837537293743e-01,-2.697880565193755409e-02
5.820450230539734315e-01,-2.697880565193755409e-02
5.858421480878762688e-01,-2.643635921852285908e-02
5.869270409547057143e-01,-2.643635921852285908e-02
5.880119338215351599e-01,-2.643635921852285908e-02
5.890968266883644944e-01,-2.643635921852285908e-02
5.901817195551939399e-01,-2.643635921852285908e-02
5.912666124220232744e-01,-2.643635921852285908e-02
5.923515052888527199e-01,-2.643635921852285908e-02
5.934363981556821654e-01,-2.643635921852285908e-02
5.942500678058041386e-01,-2.643635921852285908e-02
5.983184160564144483e-01,-2.589391278510815020e-02
5.994033089232437828e-01,-2.589391278510815020e-02
6.004882017900732283e-01,-2.589391278510815020e-02
6.015730946569026738e-01,-2.589391278510815020e-02
6.026579875237320083e-01,-2.589391278510815020e-02
6.037428803905614538e-01,-2.589391278510815020e-02
6.048277732573907883e-01,-2.589391278510815020e-02
6.059126661242202339e-01,-2.589391278510815020e-02
6.067263357743423180e-01,-2.589391278510815020e-02
6.102522375915377939e-01,-2.535146635169345519e-02
6.110659072416598780e-01,-2.535146635169345519e-02
6.124220233251966850e-01,-2.535146635169345519e-02
6.135069161920260195e-01,-2.535146635169345519e-02
6.145918090588554650e-01,-2.535146635169345519e-02
6.156767019256847995e-01,-2.535146635169345519e-02
6.167615947925142450e-01,-2.535146635169345519e-02
6.178464876593436905e-01,-2.535146635169345519e-02
6.189313805261730250e-01,-2.535146635169345519e-02
6.200162733930024705e-01,-2.535146635169345519e-02
6.208299430431244437e-01,-2.535146635169345519e-02
6.248982912937347534e-01,-2.480901991827876019e-02
6.259831841605641989e-01,-2.480901991827876019e-02
6.270680770273935334e-01,-2.480901991827876019e-02
6.281529698942229789e-01,-2.480901991827876019e-02
6.292378627610523134e-01,-2.480901991827876019e-02
6.303227556278817589e-01,-2.480901991827876019e-02
6.314076484947110934e-01,-2.480901991827876019e-02
6.324925413615405390e-01,-2.480901991827876019e-02
6.335774342283699845e-01,-2.480901991827876019e-02
6.346623270951993190e-01,-2.480901991827876019e-02
6.357472199620287645e-01,-2.480901991827876019e-02
6.400867914293463246e-01,-2.426657348486405130e-02
6.411716842961757701e-01,-2.426657348486405130e-02
6.422565771630051046e-01,-2.426657348486405130e-02
6.433414700298345501e-01,-2.426657348486405130e-02
6.444263628966639956e-01,-2.426657348486405130e-02
6.455112557634933301e-01,-2.426657348486405130e-02
6.465961486303227757e-01,-2.426657348486405130e-02
6.476810414971521102e-01,-2.426657348486405130e-02
6.487659343639815557e-01,-2.426657348486405130e-02
6.498508272308110012e-01,-2.426657348486405130e-02
6.509357200976403357e-01,-2.426657348486405130e-02
6.520206129644697812e-01,-2.426657348486405130e-02
6.569026308652020640e-01,-2.372412705144935630e-02
6.579875237320315096e-01,-2.372412705144935630e-02
6.590724165988608441e-01,-2.372412705144935630e-02
6.601573094656902896e-01,-2.372412705144935630e-02
6.612422023325196241e-01,-2.372412705144935630e-02
6.623270951993490696e-01,-2.372412705144935630e-02
6.634119880661785151e-01,-2.372412705144935630e-02
6.644968809330078496e-01,-2.372412705144935630e-02
6.655817737998372952e-01,-2.372412705144935630e-02
6.666666666666666297e-01,-2.372412705144935630e-02
6.677515595334960752e-01,-2.372412705144935630e-02
6.688364524003255207e-01,-2.372412705144935630e-02
6.699213452671548552e-01,-2.372412705144935630e-02
6.710062381339843007e-01,-2.372412705144935630e-02
6.720911310008136352e-01,-2.372412705144935630e-02
6.729048006509357194e-01,-2.372412705144935630e-02
6.775155953349606408e-01,-2.318168061803464741e-02
6.786004882017900863e-01,-2.318168061803464741e-02
6.796853810686194208e-01,-2.318168061803464741e-02
6.807702739354488664e-01,-2.318168061803464741e-02
6.818551668022783119e-01,-2.318168061803464741e-02
6.829400596691076464e-01,-2.318168061803464741e-02
6.840249525359370919e-01,-2.318168061803464741e-02
6.851098454027664264e-01,-2.318168061803464741e-02
6.861947382695958719e-01,-2.318168061803464741e-02
6.872796311364253175e-01,-2.318168061803464741e-02
6.883645240032546520e-01,-2.318168061803464741e-02
6.894494168700840975e-01,-2.318168061803464741e-02
6.905343097369134320e-01,-2.318168061803464741e-02
6.916192026037428775e-01,-2.318168061803464741e-02
6.927040954705723230e-01,-2.318168061803464741e-02
6.937889883374016575e-01,-2.318168061803464741e-02
6.948738812042311030e-01,-2.318168061803464741e-02
6.959587740710604375e-01,-2.318168061803464741e-02
6.967724437211825217e-01,-2.318168061803464741e-02
7.035530241388663342e-01,-2.263923418461995241e-02
7.046379170056956687e-01,-2.263923418461995241e-02
7.057228098725251142e-01,-2.263923418461995241e-02
7.068077027393544487e-01,-2.263923418461995241e-02
7.084350420395986170e-01,-2.263923418461995241e-02
7.095199349064279515e-01,-2.263923418461995241e-02
7.106048277732573970e-01,-2.263923418461995241e-02
7.116897206400868425e-01,-2.263923418461995241e-02
7.127746135069161770e-01,-2.263923418461995241e-02
7.138595063737456226e-01,-2.263923418461995241e-02
7.149443992405749571e-01,-2.263923418461995241e-02
7.160292921074044026e-01,-2.263923418461995241e-02
7.171141849742338481e-01,-2.263923418461995241e-02
7.181990778410631826e-01,-2.263923418461995241e-02
7.192839707078926281e-01,-2.263923418461995241e-02
7.203688635747219626e-01,-2.263923418461995241e-02
7.214537564415514082e-01,-2.263923418461995241e-02
7.225386493083807427e-01,-2.263923418461995241e-02
7.236235421752101882e-01,-2.263923418461995241e-02
7.247084350420396337e-01,-2.263923418461995241e-02
7.257933279088689682e-01,-2.263923418461995241e-02
7.268782207756984137e-01,-2.263923418461995241e-02
7.279631136425277482e-01,-2.263923418461995241e-02
7.290480065093571937e-01,-2.263923418461995241e-02
7.301328993761866393e-01,-2.263923418461995241e-02
7.312177922430159738e-01,-2.263923418461995241e-02
7.323026851098454193e-01,-2.263923418461995241e-02
7.333875779766747538e-01,-2.263923418461995241e-02
7.344724708435041993e-01,-2.263923418461995241e-02
7.355573637103336448e-01,-2.263923418461995241e-02
7.363710333604556180e-01,-2.263923418461995241e-02
7.540005424464334416e-01,-2.209678775120525740e-02
7.550854353132627761e-01,-2.209678775120525740e-02
7.561703281800922216e-01,-2.209678775120525740e-02
7.572552210469216671e-01,-2.209678775120525740e-02
7.583401139137510016e-01,-2.209678775120525740e-02
7.594250067805804472e-01,-2.209678775120525740e-02
7.605098996474097817e-01,-2.209678775120525740e-02
7.615947925142392272e-01,-2.209678775120525740e-02
7.626796853810686727e-01,-2.209678775120525740e-02
7.637645782478980072e-01,-2.209678775120525740e-02
7.648494711147274527e-01,-2.209678775120525740e-02
7.659343639815567872e-01,-2.209678775120525740e-02
7.670192568483862328e-01,-2.209678775120525740e-02
7.681041497152155673e-01,-2.209678775120525740e-02
7.691890425820450128e-01,-2.209678775120525740e-02
7.702739354488744583e-01,-2.209678775120525740e-02
7.713588283157037928e-01,-2.209678775120525740e-02
7.876322213181448095e-01,-2.263923418461995241e-02
7.887171141849742551e-01,-2.263923418461995241e-02
7.898020070518035896e-01,-2.263923418461995241e-02
7.908868999186330351e-01,-2.263923418461995241e-02
7.919717927854624806e-01,-2.263923418461995241e-02
7.930566856522918151e-01,-2.263923418461995241e-02
7.941415785191212606e-01,-2.263923418461995241e-02
7.952264713859505951e-01,-2.263923418461995241e-02
7.963113642527800407e-01,-2.263923418461995241e-02
7.973962571196094862e-01,-2.263923418461995241e-02
7.984811499864388207e-01,-2.263923418461995241e-02
7.995660428532682662e-01,-2.263923418461995241e-02
8.006509357200976007e-01,-2.263923418461995241e-02
8.017358285869270462e-01,-2.263923418461995241e-02
8.028207214537564917e-01,-2.263923418461995241e-02
8.039056143205858262e-01,-2.263923418461995241e-02
8.049905071874152718e-01,-2.263923418461995241e-02
8.060754000542446063e-01,-2.263923418461995241e-02
8.071602929210740518e-01,-2.263923418461995241e-02
8.082451857879034973e-01,-2.263923418461995241e-02
8.093300786547328318e-01,-2.263923418461995241e-02
8.104149715215622773e-01,-2.263923418461995241e-02
8.114998643883916118e-01,-2.263923418461995241e-02
8.125847572552210574e-01,-2.263923418461995241e-02
8.136696501220505029e-01,-2.263923418461995241e-02
8.147545429888798374e-01,-2.263923418461995241e-02
8.158394358557092829e-01,-2.263923418461995241e-02
8.169243287225386174e-01,-2.263923418461995241e-02
8.180092215893680629e-01,-2.263923418461995241e-02
8.239761323569297913e-01,-2.318168061803464741e-02
8.250610252237591258e-01,-2.318168061803464741e-02
8.261459180905885713e-01,-2.318168061803464741e-02
8.272308109574179058e-01,-2.318168061803464741e-02
8.283157038242473513e-01,-2.318168061803464741e-02
8.294005966910767969e-01,-2.318168061803464741e-02
8.304854895579061314e-01,-2.318168061803464741e-02
8.315703824247355769e-01,-2.318168061803464741e-02
8.326552752915649114e-01,-2.318168061803464741e-02
8.337401681583943569e-01,-2.318168061803464741e-02
8.348250610252238024e-01,-2.318168061803464741e-02
8.359099538920531369e-01,-2.318168061803464741e-02
8.369948467588825824e-01,-2.318168061803464741e-02
8.380797396257119170e-01,-2.318168061803464741e-02
8.391646324925413625e-01,-2.318168061803464741e-02
8.402495253593708080e-01,-2.318168061803464741e-02
8.440466503932736453e-01,-2.372412705144935630e-02
8.451315432601030908e-01,-2.372412705144935630e-02
8.462164361269324253e-01,-2.372412705144935630e-02
8.473013289937618708e-01,-2.372412705144935630e-02
8.483862218605913164e-01,-2.372412705144935630e-02
8.494711147274206509e-01,-2.372412705144935630e-02
8.505560075942500964e-01,-2.372412705144935630e-02
8.516409004610794309e-01,-2.372412705144935630e-02
8.527257933279088764e-01,-2.372412705144935630e-02
8.538106861947383219e-01,-2.372412705144935630e-02
8.548955790615676564e-01,-2.372412705144935630e-02
8.559804719283971020e-01,-2.372412705144935630e-02
8.567941415785190751e-01,-2.372412705144935630e-02
8.597775969622999392e-01,-2.426657348486405130e-02
8.608624898291293848e-01,-2.426657348486405130e-02
8.624898291293734420e-01,-2.426657348486405130e-02
8.635747219962028876e-01,-2.426657348486405130e-02
8.646596148630322221e-01,-2.426657348486405130e-02
8.657445077298616676e-01,-2.426657348486405130e-02
8.668294005966911131e-01,-2.426657348486405130e-02
8.679142934635204476e-01,-2.426657348486405130e-02
8.689991863303498931e-01,-2.426657348486405130e-02
8.698128559804719773e-01,-2.426657348486405130e-02
8.722538649308381187e-01,-2.480901991827876019e-02
8.733387577976674532e-01,-2.480901991827876019e-02
8.744236506644968987e-01,-2.480901991827876019e-02
8.755085435313262332e-01,-2.480901991827876019e-02
8.765934363981556787e-01,-2.480901991827876019e-02
8.776783292649851242e-01,-2.480901991827876019e-02
8.787632221318144587e-01,-2.480901991827876019e-02
8.798481149986439043e-01,-2.480901991827876019e-02
8.809330078654732388e-01,-2.480901991827876019e-02
8.817466775155953229e-01,-2.480901991827876019e-02
8.841876864659614643e-01,-2.535146635169345519e-02
8.852725793327909098e-01,-2.535146635169345519e-02
8.863574721996202443e-01,-2.535146635169345519e-02
8.874423650664496899e-01,-2.535146635169345519e-02
8.885272579332791354e-01,-2.535146635169345519e-02
8.896121508001084699e-01,-2.535146635169345519e-02
8.906970436669379154e-01,-2.535146635169345519e-02
8.917819365337672499e-01,-2.535146635169345519e-02
8.939517222674261410e-01,-2.589391278510815020e-02
8.955790615676701982e-01,-2.589391278510815020e-02
8.966639544344996438e-01,-2.589391278510815020e-02
8.977488473013289783e-01,-2.589391278510815020e-02
8.988337401681584238e-01,-2.589391278510815020e-02
8.999186330349877583e-01,-2.589391278510815020e-02
9.010035259018172038e-01,-2.589391278510815020e-02
9.031733116354759838e-01,-2.643635921852285908e-02
9.042582045023054294e-01,-2.643635921852285908e-02
9.053430973691347639e-01,-2.643635921852285908e-02
9.064279902359642094e-01,-2.643635921852285908e-02
9.075128831027935439e-01,-2.643635921852285908e-02
9.085977759696229894e-01,-2.643635921852285908e-02
9.094114456197450735e-01,-2.643635921852285908e-02
9.113100081366964922e-01,-2.697880565193755409e-02
9.123949010035259377e-01,-2.697880565193755409e-02
9.134797938703552722e-01,-2.697880565193755409e-02
9.145646867371847177e-01,-2.697880565193755409e-02
9.156495796040140522e-01,-2.697880565193755409e-02
9.167344724708434978e-01,-2.697880565193755409e-02
9.175481421209655819e-01,-2.697880565193755409e-02
9.189042582045022778e-01,-2.752125208535224909e-02
9.199891510713317233e-01,-2.752125208535224909e-02
9.210740439381610578e-01,-2.752125208535224909e-02
9.221589368049905033e-01,-2.752125208535224909e-02
9.232438296718199489e-01,-2.752125208535224909e-02
9.243287225386492834e-01,-2.752125208535224909e-02
9.259560618388934516e-01,-2.806369851876695798e-02
9.270409547057227861e-01,-2.806369851876695798e-02
9.281258475725522317e-01,-2.806369851876695798e-02
9.292107404393815662e-01,-2.806369851876695798e-02
9.302956333062110117e-01,-2.806369851876695798e-02
9.311093029563330958e-01,-2.806369851876695798e-02
9.324654190398697917e-01,-2.860614495218165299e-02
9.335503119066992372e-01,-2.860614495218165299e-02
9.346352047735285717e-01,-2.860614495218165299e-02
9.357200976403580173e-01,-2.860614495218165299e-02
9.368049905071874628e-01,-2.860614495218165299e-02
9.376186601573094359e-01,-2.860614495218165299e-02
9.389747762408462428e-01,-2.914859138559636187e-02
9.400596691076755773e-01,-2.914859138559636187e-02
9.411445619745050228e-01,-2.941981460230370937e-02
9.419582316246271070e-01,-3.023348425242575188e-02
9.425006780580417187e-01,-3.158960033596250327e-02
9.425006780580417187e-01,-3.240326998608455966e-02
9.419582316246271070e-01,-3.375938606962131106e-02
9.419582316246271070e-01,-3.484427893645071495e-02
9.419582316246271070e-01,-3.592917180328010496e-02
9.419582316246271070e-01,-3.701406467010950885e-02
9.419582316246271070e-01,-3.782773432023156523e-02
9.414157851912123842e-01,-3.918385040376831663e-02
9.414157851912123842e-01,-4.026874327059770664e-02
9.414157851912123842e-01,-4.135363613742711053e-02
9.414157851912123842e-01,-4.298097543767120943e-02
9.408733387577976615e-01,-4.460831473791530832e-02
9.408733387577976615e-01,-4.569320760474471221e-02
9.408733387577976615e-01,-4.677810047157411610e-02
9.411445619745050228e-01,-4.786299333840351999e-02
9.422294548413344684e-01,-4.894788620523292388e-02
9.435855709248711642e-01,-4.921910942194027139e-02
9.446704637917006098e-01,-4.976155585535496639e-02
9.460265798752373057e-01,-4.976155585535496639e-02
9.471114727420667512e-01,-4.976155585535496639e-02
9.481963656088960857e-01,-4.976155585535496639e-02
9.490100352590181698e-01,-4.976155585535496639e-02
9.503661513425549767e-01,-4.867666298852556250e-02
9.506373745592622271e-01,-4.732054690498881111e-02
9.511798209926769498e-01,-4.569320760474471221e-02
9.511798209926769498e-01,-4.460831473791530832e-02
9.511798209926769498e-01,-4.352342187108591831e-02
9.511798209926769498e-01,-4.243852900425651442e-02
9.511798209926769498e-01,-4.135363613742711053e-02
9.517222674260916726e-01,-4.026874327059770664e-02
9.517222674260916726e-01,-3.918385040376831663e-02
9.517222674260916726e-01,-3.809895753693891274e-02
9.517222674260916726e-01,-3.701406467010950885e-02
9.517222674260916726e-01,-3.592917180328010496e-02
9.522647138595063954e-01,-3.484427893645071495e-02
9.522647138595063954e-01,-3.375938606962131106e-02
9.522647138595063954e-01,-3.267449320279190716e-02
9.528071602929211181e-01,-3.158960033596250327e-02
9.538920531597504526e-01,-3.077593068584046077e-02
9.557906156767018713e-01,-3.077593068584046077e-02
9.568755085435313168e-01,-3.077593068584046077e-02
9.579604014103607623e-01,-3.077593068584046077e-02
9.590452942771900968e-01,-3.077593068584046077e-02
9.601301871440195423e-01,-3.104715390254780827e-02
9.612150800108488768e-01,-3.131837711925515577e-02
9.622999728776783224e-01,-3.131837711925515577e-02
9.633848657445077679e-01,-3.131837711925515577e-02
9.641985353946297410e-01,-3.131837711925515577e-02
9.655546514781665479e-01,-3.186082355266985078e-02
9.666395443449958824e-01,-3.186082355266985078e-02
9.677244372118253279e-01,-3.186082355266985078e-02
9.688093300786547735e-01,-3.186082355266985078e-02
9.698942229454841080e-01,-3.240326998608455966e-02
9.709791158123135535e-01,-3.240326998608455966e-02
9.720640086791428880e-01,-3.240326998608455966e-02
9.731489015459723335e-01,-3.240326998608455966e-02
9.742337944128017790e-01,-3.294571641949925467e-02
9.753186872796311135e-01,-3.294571641949925467e-02
9.764035801464605591e-01,-3.294571641949925467e-02
9.772172497965825322e-01,-3.294571641949925467e-02
9.785733658801193391e-01,-3.348816285291396355e-02
9.796582587469487846e-01,-3.348816285291396355e-02
9.807431516137781191e-01,-3.348816285291396355e-02
9.818280444806075646e-01,-3.375938606962131106e-02
9.829129373474368991e-01,-3.403060928632865856e-02
9.839978302142663447e-01,-3.403060928632865856e-02
9.850827230810957902e-01,-3.403060928632865856e-02
9.861676159479251247e-01,-3.457305571974335356e-02
9.872525088147545702e-01,-3.457305571974335356e-02
9.883374016815839047e-01,-3.457305571974335356e-02
9.894222945484133502e-01,-3.511550215315806245e-02
9.910496338486574075e-01,-3.511550215315806245e-02
9.921345267154868530e-01,-3.511550215315806245e-02
9.932194195823162985e-01,-3.565794858657275745e-02
9.943043124491456330e-01,-3.565794858657275745e-02
9.953892053159750786e-01,-3.565794858657275745e-02
9.970165446162191358e-01,-3.620039501998746634e-02
9.981014374830485814e-01,-3.620039501998746634e-02
9.991863303498779159e-01,-3.620039501998746634e-02
1.000000000000000000e+00,-3.565794858657275745e-02
1.000000000000000000e+00,-3.484427893645071495e-02
9.991863303498779159e-01,-3.375938606962131106e-02
9.981014374830485814e-01,-3.267449320279190716e-02
9.970165446162191358e-01,-3.229478069940162899e-02
9.959316517493898013e-01,-3.186082355266985078e-02
9.943043124491456330e-01,-3.120988783257222510e-02
9.932194195823162985e-01,-3.077593068584046077e-02
9.921345267154868530e-01,-3.023348425242575188e-02
9.910496338486574075e-01,-2.985377174903547370e-02
9.899647409818280730e-01,-2.941981460230370937e-02
9.888798481149986275e-01,-2.914859138559636187e-02
9.877949552481692930e-01,-2.860614495218165299e-02
9.867100623813398474e-01,-2.806369851876695798e-02
9.856251695145104019e-01,-2.779247530205961048e-02
9.845402766476810674e-01,-2.741276279866931842e-02
9.834553837808516219e-01,-2.697880565193755409e-02
9.823704909140222874e-01,-2.643635921852285908e-02
9.812855980471928419e-01,-2.605664671513256703e-02
9.802007051803633964e-01,-2.578542349842521952e-02
9.791158123135340619e-01,-2.535146635169345519e-02
9.780309194467046163e-01,-2.480901991827876019e-02
9.769460265798752818e-01,-2.453779670157139881e-02
9.758611337130458363e-01,-2.415808419818112063e-02
9.747762408462163908e-01,-2.372412705144935630e-02
9.736913479793870563e-01,-2.334441454805906424e-02
9.726064551125576108e-01,-2.291045740132729991e-02
9.715215622457282763e-01,-2.263923418461995241e-02
9.704366693788988307e-01,-2.209678775120525740e-02
9.693517765120693852e-01,-2.182556453449789602e-02
9.682668836452400507e-01,-2.155434131779054852e-02
9.666395443449958824e-01,-2.101189488437585351e-02
9.655546514781665479e-01,-2.046944845096114463e-02
9.644697586113371024e-01,-2.019822523425379712e-02
9.633848657445077679e-01,-1.992700201754644962e-02
9.620287496609709610e-01,-1.938455558413175461e-02
9.612150800108488768e-01,-1.911333236742440711e-02
9.601301871440195423e-01,-1.884210915071704573e-02
9.590452942771900968e-01,-1.829966271730235072e-02
9.579604014103607623e-01,-1.802843950059500322e-02
9.568755085435313168e-01,-1.775721628388765572e-02
9.557906156767018713e-01,-1.737750378049736366e-02
9.547057228098725368e-01,-1.710628056379001616e-02
9.536208299430430912e-01,-1.667232341705825183e-02
9.525359370762137567e-01,-1.640110020035090432e-02
9.514510442093843112e-01,-1.612987698364354294e-02
9.503661513425549767e-01,-1.558743055022884794e-02
9.492812584757255312e-01,-1.547894126354591726e-02
9.481963656088960857e-01,-1.504498411681415293e-02
9.471114727420667512e-01,-1.466527161342386087e-02
9.460265798752373057e-01,-1.450253768339944405e-02
9.449416870084079711e-01,-1.396009124998474904e-02
9.433143477081638029e-01,-1.358037874659445698e-02
9.422294548413344684e-01,-1.341764481657005403e-02
9.408733387577976615e-01,-1.287519838315534515e-02
9.400596691076755773e-01,-1.260397516644799765e-02
9.389747762408462428e-01,-1.233275194974065014e-02
9.378898833740167973e-01,-1.195303944635035809e-02
9.368049905071874628e-01,-1.179030551632594126e-02
9.357200976403580173e-01,-1.124785908291124625e-02
9.340927583401139600e-01,-1.086814657952096808e-02
9.330078654732845145e-01,-1.070541264949655125e-02
9.319229726064550690e-01,-1.016296621608184236e-02
9.308380797396257345e-01,-1.005447692939891169e-02
9.292107404393815662e-01,-9.620519782667147357e-03
9.281258475725522317e-01,-9.078073349252438473e-03
9.270409547057227861e-01,-9.078073349252438473e-03
9.259560618388934516e-01,-8.535626915837743467e-03
9.248711689720640061e-01,-8.264403699130395964e-03
9.237862761052345606e-01,-7.993180482423048461e-03
9.227013832384052261e-01,-7.721957265715700958e-03
9.216164903715757806e-01,-7.450734049008339577e-03
9.205315975047464461e-01,-7.071021545618061399e-03
9.194467046379170005e-01,-6.908287615593644571e-03
9.183618117710875550e-01,-6.365841182178949564e-03
9.170056956875508591e-01,-6.365841182178949564e-03
9.161920260374287750e-01,-5.823394748764240680e-03
9.151071331705994405e-01,-5.714905462081310006e-03
9.134797938703552722e-01,-5.280948315349545674e-03
9.123949010035259377e-01,-4.738501881934836790e-03
9.113100081366964922e-01,-4.738501881934836790e-03
9.102251152698670467e-01,-4.196055448520141784e-03
9.091402224030377122e-01,-4.087566161837211109e-03
9.080553295362082666e-01,-3.653609015105446778e-03
9.069704366693789321e-01,-3.382385798398085397e-03
9.058855438025494866e-01,-3.111162581690737894e-03
9.048006509357201521e-01,-2.839939364983390391e-03
9.037157580688907066e-01,-2.568716148276042888e-03
9.026308652020612611e-01,-2.297492931568695385e-03
9.015459723352319266e-01,-2.026269714861347881e-03
9.004610794684024810e-01,-1.646557211471055826e-03
8.993761866015731465e-01,-1.483823281446638997e-03
8.982912937347437010e-01,-9.413768480319439913e-04
8.972064008679142555e-01,-9.413768480319439913e-04
8.961215080010849210e-01,-3.989304146172351073e-04
8.950366151342554755e-01,-3.989304146172351073e-04
8.939517222674261410e-01,1.435160187974598989e-04
8.928668294005966954e-01,1.435160187974598989e-04
8.917819365337672499e-01,6.859624522121549051e-04
8.906970436669379154e-01,6.859624522121549051e-04
8.896121508001084699e-01,1.228408885626863789e-03
8.882560347165717740e-01,1.499632102334211292e-03
8.874423650664496899e-01,1.770855319041558795e-03
8.863574721996202443e-01,1.879344605724496409e-03
8.852725793327909098e-01,2.313301752456260740e-03
8.841876864659614643e-01,2.421791039139198354e-03
8.831027935991321298e-01,2.855748185870962685e-03
8.820179007323026843e-01,3.126971402578310189e-03
8.809330078654732388e-01,3.398194619285664630e-03
8.798481149986439043e-01,3.669417835993012134e-03
8.787632221318144587e-01,3.940641052700359637e-03
8.776783292649851242e-01,4.211864269407714079e-03
8.765934363981556787e-01,4.483087486115061582e-03
8.755085435313262332e-01,4.754310702822409085e-03
8.744236506644968987e-01,5.025533919529763527e-03
8.733387577976674532e-01,5.296757136237111030e-03
8.722538649308381187e-01,5.567980352944465472e-03
8.711689720640086732e-01,5.839203569651812975e-03
8.700840791971792276e-01,6.110426786359160478e-03
8.689991863303498931e-01,6.381650003066514920e-03
8.679142934635204476e-01,6.652873219773862423e-03
8.668294005966911131e-01,6.761362506456800037e-03
8.657445077298616676e-01,7.195319653188564368e-03
8.643883916463249717e-01,7.466542869895911871e-03
8.635747219962028876e-01,7.737766086603266313e-03
8.624898291293734420e-01,7.846255373286196988e-03
8.614049362625441075e-01,8.280212520017961320e-03
8.603200433957146620e-01,8.280212520017961320e-03
8.592351505288853275e-01,8.822658953432663265e-03
8.581502576620558820e-01,8.822658953432663265e-03
8.570653647952264365e-01,9.365105386847365210e-03
8.559804719283971020e-01,9.365105386847365210e-03
8.548955790615676564e-01,9.907551820262067155e-03
8.538106861947383219e-01,9.907551820262067155e-03
8.527257933279088764e-01,1.044999825367676216e-02
8.516409004610794309e-01,1.044999825367676216e-02
8.500135611608353736e-01,1.099244468709146411e-02
8.489286682940059281e-01,1.110093397377440866e-02
8.478437754271765936e-01,1.153489112050616605e-02
8.467588825603471481e-01,1.153489112050616605e-02
8.456739896935178136e-01,1.207733755392086800e-02
8.445890968266883680e-01,1.207733755392086800e-02
8.435042039598589225e-01,1.261978398733556994e-02
8.424193110930295880e-01,1.261978398733556994e-02
8.407919717927854197e-01,1.316223042075026495e-02
8.397070789259560852e-01,1.327071970743320950e-02
8.386221860591266397e-01,1.370467685416496689e-02
8.375372931922973052e-01,1.370467685416496689e-02
8.364524003254678597e-01,1.424712328757966884e-02
8.353675074586384142e-01,1.424712328757966884e-02
8.342826145918090797e-01,1.478956972099437078e-02
8.331977217249796341e-01,1.478956972099437078e-02
8.321128288581502996e-01,1.516928222438466284e-02
8.310279359913208541e-01,1.533201615440906579e-02
8.299430431244914086e-01,1.560323937111642023e-02
8.288581502576620741e-01,1.587446258782376773e-02
8.277732573908326286e-01,1.614568580453112218e-02
8.266883645240032941e-01,1.641690902123846968e-02
8.256034716571738485e-01,1.652539830792140729e-02
8.245185787903444030e-01,1.695935545465317162e-02
8.234336859235150685e-01,1.695935545465317162e-02
8.223487930566856230e-01,1.750180188806786663e-02
8.212639001898562885e-01,1.750180188806786663e-02
8.201790073230268430e-01,1.788151439145815869e-02
8.190941144561973974e-01,1.804424832148256858e-02
8.180092215893680629e-01,1.831547153818992302e-02
8.169243287225386174e-01,1.858669475489727052e-02
8.158394358557092829e-01,1.885791797160461802e-02
8.147545429888798374e-01,1.912914118831197247e-02
8.136696501220505029e-01,1.912914118831197247e-02
8.125847572552210574e-01,1.967158762172666747e-02
8.114998643883916118e-01,1.967158762172666747e-02
8.101437483048549160e-01,2.021403405514136942e-02
8.093300786547328318e-01,2.021403405514136942e-02
8.071602929210740518e-01,2.075648048855607136e-02
8.060754000542446063e-01,2.086496977523901591e-02
8.049905071874152718e-01,2.129892692197077331e-02
8.039056143205858262e-01,2.129892692197077331e-02
8.028207214537564917e-01,2.184137335538547525e-02
8.017358285869270462e-01,2.184137335538547525e-02
8.006509357200976007e-01,2.211259657209282276e-02
7.995660428532682662e-01,2.238381978880017026e-02
7.984811499864388207e-01,2.265504300550752470e-02
7.973962571196094862e-01,2.292626622221487220e-02
7.963113642527800407e-01,2.292626622221487220e-02
7.952264713859505951e-01,2.346871265562957415e-02
7.941415785191212606e-01,2.346871265562957415e-02
7.930566856522918151e-01,2.373993587233692165e-02
7.919717927854624806e-01,2.401115908904427609e-02
7.908868999186330351e-01,2.428238230575162360e-02
7.898020070518035896e-01,2.455360552245897110e-02
7.887171141849742551e-01,2.455360552245897110e-02
7.870897748847300868e-01,2.509605195587367304e-02
7.860048820179007523e-01,2.509605195587367304e-02
7.849199891510713067e-01,2.563849838928837499e-02
7.838350962842419722e-01,2.563849838928837499e-02
7.827502034174125267e-01,2.590972160599572249e-02
7.816653105505830812e-01,2.618094482270307694e-02
7.805804176837537467e-01,2.645216803941042444e-02
7.789530783835095784e-01,2.672339125611777194e-02
7.778681855166802439e-01,2.699461447282512638e-02
7.767832926498507984e-01,2.726583768953247389e-02
7.756983997830214639e-01,2.726583768953247389e-02
7.746135069161920184e-01,2.780828412294717583e-02
7.735286140493625728e-01,2.780828412294717583e-02
7.724437211825332383e-01,2.807950733965452333e-02
7.713588283157037928e-01,2.835073055636187778e-02
7.702739354488744583e-01,2.835073055636187778e-02
7.689178193653376514e-01,2.889317698977657278e-02
7.681041497152155673e-01,2.889317698977657278e-02
7.670192568483862328e-01,2.916440020648392722e-02
7.659343639815567872e-01,2.943562342319127473e-02
7.648494711147274527e-01,2.943562342319127473e-02
7.637645782478980072e-01,2.997806985660597667e-02
7.626796853810686727e-01,2.997806985660597667e-02
7.615947925142392272e-01,3.024929307331332418e-02
7.605098996474097817e-01,3.052051629002067862e-02
7.594250067805804472e-01,3.052051629002067862e-02
7.583401139137510016e-01,3.106296272343537362e-02
7.572552210469216671e-01,3.106296272343537362e-02
7.561703281800922216e-01,3.133418594014272807e-02
7.550854353132627761e-01,3.160540915685007557e-02
7.540005424464334416e-01,3.160540915685007557e-02
7.529156495796039961e-01,3.214785559026477751e-02
7.518307567127746616e-01,3.214785559026477751e-02
7.507458638459452160e-01,3.241907880697212502e-02
7.496609709791157705e-01,3.269030202367947946e-02
7.485760781122864360e-01,3.269030202367947946e-02
7.474911852454569905e-01,3.323274845709417447e-02
7.464062923786276560e-01,3.323274845709417447e-02
7.453213995117982105e-01,3.323274845709417447e-02
7.442365066449687649e-01,3.377519489050888335e-02
7.431516137781394304e-01,3.377519489050888335e-02
7.420667209113099849e-01,3.404641810721623085e-02
7.409818280444806504e-01,3.431764132392357836e-02
7.398969351776512049e-01,3.431764132392357836e-02
7.388120423108217594e-01,3.486008775733828030e-02
7.377271494439924249e-01,3.486008775733828030e-02
7.360998101437482566e-01,3.513131097404562780e-02
7.350149172769189221e-01,3.540253419075298225e-02
7.339300244100894766e-01,3.540253419075298225e-02
7.328451315432601421e-01,3.594498062416767725e-02
7.317602386764306965e-01,3.594498062416767725e-02
7.306753458096012510e-01,3.621620384087502476e-02
7.295904529427719165e-01,3.648742705758237920e-02
7.285055600759424710e-01,3.648742705758237920e-02
7.274206672091131365e-01,3.675865027428973364e-02
7.260645511255763296e-01,3.702987349099708114e-02
7.252508814754542454e-01,3.702987349099708114e-02
7.241659886086249109e-01,3.730109670770442865e-02
7.230810957417954654e-01,3.757231992441177615e-02
7.219962028749661309e-01,3.757231992441177615e-02
7.209113100081366854e-01,3.811476635782648503e-02
7.198264171413073509e-01,3.811476635782648503e-02
7.187415242744779054e-01,3.811476635782648503e-02
7.176566314076484598e-01,3.865721279124118004e-02
7.165717385408191253e-01,3.865721279124118004e-02
7.154868456739896798e-01,3.865721279124118004e-02
7.144019528071603453e-01,3.919965922465588198e-02
7.133170599403308998e-01,3.919965922465588198e-02
7.122321670735014543e-01,3.947088244136323643e-02
7.111472742066721198e-01,3.974210565807058393e-02
7.100623813398426742e-01,3.974210565807058393e-02
7.089774884730133397e-01,4.001332887477793143e-02
7.078925956061838942e-01,4.028455209148527894e-02
7.068077027393544487e-01,4.028455209148527894e-02
7.057228098725251142e-01,4.055577530819263338e-02
7.046379170056956687e-01,4.082699852489998088e-02
7.035530241388663342e-01,4.082699852489998088e-02
7.024681312720368886e-01,4.109822174160733532e-02
7.013832384052074431e-01,4.136944495831468283e-02
7.002983455383781086e-01,4.136944495831468283e-02
6.992134526715486631e-01,4.164066817502203033e-02
6.975861133713046058e-01,4.191189139172937783e-02
6.965012205044751603e-01,4.191189139172937783e-02
6.948738812042311030e-01,4.245433782514408672e-02
6.937889883374016575e-01,4.245433782514408672e-02
6.927040954705723230e-01,4.245433782514408672e-02
6.916192026037428775e-01,4.299678425855878172e-02
6.905343097369134320e-01,4.299678425855878172e-02
6.891781936533767361e-01,4.299678425855878172e-02
6.883645240032546520e-01,4.353923069197348367e-02
6.872796311364253175e-01,4.353923069197348367e-02
6.861947382695958719e-01,4.353923069197348367e-02
6.851098454027664264e-01,4.381045390868083811e-02
6.840249525359370919e-01,4.408167712538818561e-02
6.829400596691076464e-01,4.408167712538818561e-02
6.818551668022783119e-01,4.435290034209553311e-02
6.807702739354488664e-01,4.462412355880288062e-02
6.796853810686194208e-01,4.462412355880288062e-02
6.786004882017900863e-01,4.462412355880288062e-02
6.775155953349606408e-01,4.516656999221758950e-02
6.764307024681313063e-01,4.516656999221758950e-02
6.753458096013018608e-01,4.516656999221758950e-02
6.739896935177651649e-01,4.570901642563228451e-02
6.731760238676430808e-01,4.570901642563228451e-02
6.720911310008136352e-01,4.570901642563228451e-02
6.710062381339843007e-01,4.598023964233963201e-02
6.693788988337401324e-01,4.625146285904698645e-02
6.682940059669107979e-01,4.625146285904698645e-02
6.672091131000813524e-01,4.652268607575433396e-02
6.655817737998372952e-01,4.679390929246168840e-02
6.644968809330078496e-01,4.679390929246168840e-02
6.634119880661785151e-01,4.706513250916903590e-02
6.623270951993490696e-01,4.733635572587638340e-02
6.612422023325196241e-01,4.733635572587638340e-02
6.601573094656902896e-01,4.733635572587638340e-02
6.588011933821534827e-01,4.787880215929108535e-02
6.579875237320315096e-01,4.787880215929108535e-02
6.569026308652020640e-01,4.787880215929108535e-02
6.558177379983726185e-01,4.787880215929108535e-02
6.547328451315432840e-01,4.842124859270578729e-02
6.536479522647138385e-01,4.842124859270578729e-02
6.525630593978845040e-01,4.842124859270578729e-02
6.514781665310550585e-01,4.869247180941313480e-02
6.503932736642256129e-01,4.896369502612048924e-02
6.493083807973962784e-01,4.896369502612048924e-02
6.482234879305668329e-01,4.896369502612048924e-02
6.468673718470301370e-01,4.950614145953519118e-02
6.457824789802006915e-01,4.950614145953519118e-02
6.449688093300786074e-01,4.950614145953519118e-02
6.438839164632492729e-01,4.950614145953519118e-02
6.427990235964198273e-01,5.004858789294988619e-02
6.414429075128831315e-01,5.004858789294988619e-02
6.406292378627610473e-01,5.004858789294988619e-02
6.390018985625169901e-01,5.031981110965723369e-02
6.379170056956875445e-01,5.059103432636458814e-02
6.368321128288580990e-01,5.059103432636458814e-02
6.357472199620287645e-01,5.059103432636458814e-02
6.346623270951993190e-01,5.086225754307193564e-02
6.335774342283699845e-01,5.113348075977929008e-02
6.324925413615405390e-01,5.113348075977929008e-02
6.314076484947110934e-01,5.113348075977929008e-02
6.303227556278817589e-01,5.140470397648663758e-02
6.292378627610523134e-01,5.167592719319398509e-02
6.281529698942229789e-01,5.167592719319398509e-02
6.270680770273935334e-01,5.167592719319398509e-02
6.248982912937347534e-01,5.221837362660868703e-02
6.238133984269053078e-01,5.221837362660868703e-02
6.227285055600759733e-01,5.221837362660868703e-02
6.216436126932465278e-01,5.221837362660868703e-02
6.205587198264171933e-01,5.276082006002338898e-02
6.194738269595877478e-01,5.276082006002338898e-02
6.183889340927583023e-01,5.276082006002338898e-02
6.173040412259289678e-01,5.276082006002338898e-02
6.156767019256847995e-01,5.330326649343809092e-02
6.145918090588554650e-01,5.330326649343809092e-02
6.135069161920260195e-01,5.330326649343809092e-02
6.121508001084893236e-01,5.330326649343809092e-02
6.110659072416598780e-01,5.384571292685279287e-02
6.102522375915377939e-01,5.384571292685279287e-02
6.091673447247084594e-01,5.384571292685279287e-02
6.080824518578790139e-01,5.384571292685279287e-02
6.061838893409275952e-01,5.438815936026748787e-02
6.053702196908055111e-01,5.438815936026748787e-02
6.042853268239761766e-01,5.438815936026748787e-02
6.032004339571467311e-01,5.438815936026748787e-02
6.021155410903172855e-01,5.438815936026748787e-02
6.007594250067805897e-01,5.493060579368218982e-02
5.999457553566585055e-01,5.493060579368218982e-02
5.988608624898291710e-01,5.493060579368218982e-02
5.977759696229997255e-01,5.493060579368218982e-02
5.966910767561702800e-01,5.493060579368218982e-02
5.953349606726335841e-01,5.547305222709689176e-02
5.945212910225114999e-01,5.547305222709689176e-02
5.934363981556821654e-01,5.547305222709689176e-02
5.923515052888527199e-01,5.547305222709689176e-02
5.912666124220232744e-01,5.547305222709689176e-02
5.901817195551939399e-01,5.601549866051158677e-02
5.890968266883644944e-01,5.601549866051158677e-02
5.880119338215351599e-01,5.601549866051158677e-02
5.869270409547057143e-01,5.601549866051158677e-02
5.858421480878762688e-01,5.601549866051158677e-02
5.842148087876322116e-01,5.655794509392628872e-02
5.831299159208027660e-01,5.655794509392628872e-02
5.820450230539734315e-01,5.655794509392628872e-02
5.809601301871439860e-01,5.655794509392628872e-02
5.796040141036072901e-01,5.655794509392628872e-02
5.787903444534852060e-01,5.710039152734099066e-02
5.777054515866558715e-01,5.710039152734099066e-02
5.766205587198264260e-01,5.710039152734099066e-02
5.755356658529969804e-01,5.710039152734099066e-02
5.744507729861676459e-01,5.710039152734099066e-02
5.733658801193382004e-01,5.737161474404833816e-02
5.722809872525088659e-01,5.764283796075569261e-02
5.711960943856794204e-01,5.764283796075569261e-02
5.701112015188499749e-01,5.764283796075569261e-02
5.690263086520206404e-01,5.764283796075569261e-02
5.679414157851911948e-01,5.764283796075569261e-02
5.660428532682397762e-01,5.818528439417039455e-02
5.652291836181176921e-01,5.818528439417039455e-02
5.641442907512883576e-01,5.818528439417039455e-02
5.630593978844589120e-01,5.818528439417039455e-02
5.619745050176294665e-01,5.818528439417039455e-02
5.598047192839706865e-01,5.872773082758508956e-02
5.587198264171413520e-01,5.872773082758508956e-02
5.576349335503119065e-01,5.872773082758508956e-02
5.565500406834824609e-01,5.872773082758508956e-02
5.554651478166531264e-01,5.872773082758508956e-02
5.543802549498236809e-01,5.872773082758508956e-02
5.530241388662869850e-01,5.927017726099979150e-02
5.516680227827501781e-01,5.927017726099979150e-02
5.505831299159208436e-01,5.927017726099979150e-02
5.494982370490913981e-01,5.927017726099979150e-02
5.484133441822619526e-01,5.927017726099979150e-02
5.473284513154326181e-01,5.927017726099979150e-02
5.459723352318958112e-01,5.981262369441449345e-02
5.451586655817738380e-01,5.981262369441449345e-02
5.440737727149443925e-01,5.981262369441449345e-02
5.429888798481149470e-01,5.981262369441449345e-02
5.419039869812856125e-01,5.981262369441449345e-02
5.408190941144561670e-01,5.981262369441449345e-02
5.397342012476268325e-01,5.981262369441449345e-02
5.381068619473826642e-01,6.035507012782919539e-02
5.370219690805533297e-01,6.035507012782919539e-02
5.359370762137238842e-01,6.035507012782919539e-02
5.348521833468945497e-01,6.035507012782919539e-02
5.337672904800651041e-01,6.035507012782919539e-02
5.326823976132356586e-01,6.035507012782919539e-02
5.315975047464063241e-01,6.035507012782919539e-02
5.299701654461621558e-01,6.089751656124389040e-02
5.288852725793328213e-01,6.089751656124389040e-02
5.278003797125033758e-01,6.089751656124389040e-02
5.267154868456740413e-01,6.089751656124389040e-02
5.256305939788445958e-01,6.089751656124389040e-02
5.245457011120151503e-01,6.089751656124389040e-02
5.229183618117710930e-01,6.089751656124389040e-02
5.212910225115270357e-01,6.143996299465859234e-02
5.199349064279902288e-01,6.143996299465859234e-02
5.191212367778681447e-01,6.143996299465859234e-02
5.180363439110388102e-01,6.143996299465859234e-02
5.169514510442093647e-01,6.143996299465859234e-02
5.158665581773800302e-01,6.143996299465859234e-02
5.147816653105505846e-01,6.143996299465859234e-02
5.136967724437211391e-01,6.143996299465859234e-02
5.117982099267697205e-01,6.198240942807329429e-02
5.109845402766476363e-01,6.198240942807329429e-02
5.098996474098183018e-01,6.198240942807329429e-02
5.088147545429888563e-01,6.198240942807329429e-02
5.077298616761595218e-01,6.198240942807329429e-02
5.066449688093300763e-01,6.198240942807329429e-02
5.055600759425006308e-01,6.198240942807329429e-02
5.044751830756712963e-01,6.198240942807329429e-02
5.033902902088418507e-01,6.198240942807329429e-02
5.004068348250609866e-01,6.252485586148799623e-02
4.995931651749389579e-01,6.252485586148799623e-02
4.985082723081095679e-01,6.252485586148799623e-02
4.974233794412801779e-01,6.252485586148799623e-02
4.963384865744507879e-01,6.252485586148799623e-02
4.952535937076213979e-01,6.252485586148799623e-02
4.941687008407919524e-01,6.252485586148799623e-02
4.930838079739625623e-01,6.252485586148799623e-02
4.919989151071331723e-01,6.252485586148799623e-02
4.909140222403037823e-01,6.252485586148799623e-02
4.882017900732302795e-01,6.306730229490269124e-02
4.871168972064008895e-01,6.306730229490269124e-02
4.860320043395714440e-01,6.306730229490269124e-02
4.849471114727420540e-01,6.306730229490269124e-02
4.838622186059126640e-01,6.306730229490269124e-02
4.827773257390832740e-01,6.306730229490269124e-02
4.816924328722538839e-01,6.306730229490269124e-02
4.806075400054244384e-01,6.306730229490269124e-02
4.795226471385950484e-01,6.306730229490269124e-02
4.784377542717656584e-01,6.306730229490269124e-02
4.773528614049362684e-01,6.306730229490269124e-02
4.762679685381068784e-01,6.306730229490269124e-02
4.735557363710333756e-01,6.360974872831740012e-02
4.724708435042039856e-01,6.360974872831740012e-02
4.713859506373745401e-01,6.360974872831740012e-02
4.703010577705451500e-01,6.360974872831740012e-02
4.692161649037157600e-01,6.360974872831740012e-02
4.681312720368863700e-01,6.360974872831740012e-02
4.670463791700569800e-01,6.360974872831740012e-02
4.659614863032275345e-01,6.360974872831740012e-02
4.648765934363981445e-01,6.360974872831740012e-02
4.637917005695687545e-01,6.360974872831740012e-02
4.627068077027393644e-01,6.360974872831740012e-02
4.616219148359099744e-01,6.360974872831740012e-02
4.605370219690805289e-01,6.360974872831740012e-02
4.594521291022511389e-01,6.360974872831740012e-02
4.583672362354217489e-01,6.360974872831740012e-02
4.572823433685923589e-01,6.360974872831740012e-02
4.518578790344453533e-01,6.415219516173209513e-02
4.507729861676159633e-01,6.415219516173209513e-02
4.496880933007865733e-01,6.415219516173209513e-02
4.486032004339571277e-01,6.415219516173209513e-02
4.472470843504203764e-01,6.415219516173209513e-02
4.464334147002983477e-01,6.415219516173209513e-02
4.453485218334689577e-01,6.415219516173209513e-02
4.442636289666395677e-01,6.415219516173209513e-02
4.431787360998101222e-01,6.415219516173209513e-02
4.420938432329807322e-01,6.415219516173209513e-02
4.410089503661513421e-01,6.415219516173209513e-02
4.399240574993219521e-01,6.415219516173209513e-02
4.388391646324925621e-01,6.415219516173209513e-02
4.377542717656631166e-01,6.415219516173209513e-02
4.366693788988337266e-01,6.415219516173209513e-02
4.355844860320043366e-01,6.415219516173209513e-02
4.344995931651749466e-01,6.415219516173209513e-02
4.334147002983455566e-01,6.415219516173209513e-02
4.323298074315161110e-01,6.415219516173209513e-02
4.312449145646867210e-01,6.415219516173209513e-02
4.301600216978573310e-01,6.415219516173209513e-02
4.290751288310279410e-01,6.415219516173209513e-02
4.279902359641985510e-01,6.415219516173209513e-02
4.269053430973691610e-01,6.415219516173209513e-02
4.252780037971250482e-01,6.415219516173209513e-02
4.241931109302956582e-01,6.415219516173209513e-02
4.231082180634662127e-01,6.415219516173209513e-02
4.220233251966368226e-01,6.415219516173209513e-02
4.209384323298074326e-01,6.415219516173209513e-02
4.198535394629780426e-01,6.415219516173209513e-02
4.187686465961486526e-01,6.415219516173209513e-02
4.176837537293192071e-01,6.415219516173209513e-02
4.165988608624898171e-01,6.415219516173209513e-02
4.155139679956604271e-01,6.415219516173209513e-02
4.144290751288310370e-01,6.415219516173209513e-02
4.133441822620016470e-01,6.415219516173209513e-02
4.122592893951722015e-01,6.415219516173209513e-02
4.111743965283428115e-01,6.415219516173209513e-02
4.100895036615134215e-01,6.415219516173209513e-02
4.090046107946840315e-01,6.415219516173209513e-02
4.079197179278546415e-01,6.415219516173209513e-02
4.068348250610252514e-01,6.415219516173209513e-02
4.057499321941958059e-01,6.415219516173209513e-02
4.046650393273664159e-01,6.415219516173209513e-02
4.035801464605370259e-01,6.415219516173209513e-02
4.024952535937076359e-01,6.415219516173209513e-02
4.014103607268782459e-01,6.415219516173209513e-02
4.003254678600488004e-01,6.415219516173209513e-02
3.992405749932194103e-01,6.415219516173209513e-02
3.981556821263900203e-01,6.415219516173209513e-02
3.970707892595606303e-01,6.415219516173209513e-02
3.959858963927312403e-01,6.415219516173209513e-02
3.949010035259017948e-01,6.415219516173209513e-02
3.938161106590724048e-01,6.415219516173209513e-02
3.927312177922430148e-01,6.415219516173209513e-02
3.916463249254136247e-01,6.415219516173209513e-02
3.900189856251695120e-01,6.415219516173209513e-02
3.889340927583401220e-01,6.415219516173209513e-02
3.878491998915107319e-01,6.415219516173209513e-02
3.867643070246812864e-01,6.415219516173209513e-02
3.807973962571196136e-01,6.360974872831740012e-02
3.797125033902902236e-01,6.360974872831740012e-02
3.780851640900461108e-01,6.360974872831740012e-02
3.770002712232167208e-01,6.360974872831740012e-02
3.759153783563873308e-01,6.360974872831740012e-02
3.748304854895578853e-01,6.360974872831740012e-02
3.737455926227284952e-01,6.360974872831740012e-02
3.726606997558991052e-01,6.360974872831740012e-02
3.715758068890697152e-01,6.360974872831740012e-02
3.704909140222403252e-01,6.360974872831740012e-02
3.694060211554108797e-01,6.360974872831740012e-02
3.677786818551668224e-01,6.360974872831740012e-02
3.666937889883373769e-01,6.360974872831740012e-02
3.623542175210198169e-01,6.306730229490269124e-02
3.612693246541903713e-01,6.306730229490269124e-02
3.601844317873609813e-01,6.306730229490269124e-02
3.590995389205315913e-01,6.306730229490269124e-02
3.580146460537022013e-01,6.306730229490269124e-02
3.569297531868728113e-01,6.306730229490269124e-02
3.558448603200434213e-01,6.306730229490269124e-02
3.547599674532139757e-01,6.306730229490269124e-02
3.536750745863845857e-01,6.306730229490269124e-02
3.520477352861404730e-01,6.306730229490269124e-02
3.477081638188229129e-01,6.252485586148799623e-02
3.466232709519934674e-01,6.252485586148799623e-02
3.455383780851640774e-01,6.252485586148799623e-02
3.444534852183346874e-01,6.252485586148799623e-02
3.433685923515052973e-01,6.252485586148799623e-02
3.422836994846759073e-01,6.252485586148799623e-02
3.411988066178464618e-01,6.252485586148799623e-02
3.395714673176024045e-01,6.252485586148799623e-02
3.368592351505289018e-01,6.198240942807329429e-02
3.357743422836995117e-01,6.198240942807329429e-02
3.346894494168700662e-01,6.198240942807329429e-02
3.336045565500406762e-01,6.198240942807329429e-02
3.325196636832112862e-01,6.198240942807329429e-02
3.314347708163818962e-01,6.198240942807329429e-02
3.303498779495525062e-01,6.198240942807329429e-02
3.268239761323569192e-01,6.143996299465859234e-02
3.260103064822348906e-01,6.143996299465859234e-02
3.249254136154055006e-01,6.143996299465859234e-02
3.238405207485760551e-01,6.143996299465859234e-02
3.227556278817466651e-01,6.143996299465859234e-02
3.216707350149172751e-01,6.143996299465859234e-02
3.205858421480878850e-01,6.143996299465859234e-02
3.178736099810143823e-01,6.089751656124389040e-02
3.167887171141849922e-01,6.089751656124389040e-02
3.157038242473555467e-01,6.089751656124389040e-02
3.146189313805261567e-01,6.089751656124389040e-02
3.135340385136967667e-01,6.089751656124389040e-02
3.124491456468673767e-01,6.089751656124389040e-02
3.100081366965012353e-01,6.035507012782919539e-02
3.091944670463791511e-01,6.035507012782919539e-02
3.081095741795497611e-01,6.035507012782919539e-02
3.070246813127203711e-01,6.035507012782919539e-02
3.059397884458909811e-01,6.035507012782919539e-02
3.045836723623542297e-01,6.035507012782919539e-02
3.016002169785733655e-01,5.981262369441449345e-02
3.005153241117439755e-01,5.981262369441449345e-02
2.994304312449145855e-01,5.981262369441449345e-02
2.983455383780851400e-01,5.981262369441449345e-02
2.972606455112557500e-01,5.981262369441449345e-02
2.950908597775969699e-01,5.927017726099979150e-02
2.940059669107675799e-01,5.927017726099979150e-02
2.929210740439381344e-01,5.927017726099979150e-02
2.918361811771087444e-01,5.927017726099979150e-02
2.907512883102793544e-01,5.927017726099979150e-02
2.888527257933279357e-01,5.872773082758508956e-02
2.880390561432058516e-01,5.872773082758508956e-02
2.869541632763764616e-01,5.872773082758508956e-02
2.858692704095470716e-01,5.872773082758508956e-02
2.847843775427176816e-01,5.872773082758508956e-02
2.823433685923514846e-01,5.818528439417039455e-02
2.815296989422294560e-01,5.818528439417039455e-02
2.804448060754000660e-01,5.818528439417039455e-02
2.793599132085706760e-01,5.818528439417039455e-02
2.782750203417412305e-01,5.818528439417039455e-02
2.761052346080824504e-01,5.764283796075569261e-02
2.750203417412530604e-01,5.764283796075569261e-02
2.739354488744236704e-01,5.764283796075569261e-02
2.728505560075942249e-01,5.764283796075569261e-02
2.706807702739354449e-01,5.710039152734099066e-02
2.695958774071060549e-01,5.710039152734099066e-02
2.685109845402766648e-01,5.710039152734099066e-02
2.674260916734472748e-01,5.710039152734099066e-02
2.655275291564958007e-01,5.655794509392628872e-02
2.647138595063737720e-01,5.655794509392628872e-02
2.636289666395443265e-01,5.655794509392628872e-02
2.625440737727149365e-01,5.655794509392628872e-02
2.601030648223487951e-01,5.601549866051158677e-02
2.592893951722267665e-01,5.601549866051158677e-02
2.582045023053973209e-01,5.601549866051158677e-02
2.571196094385679309e-01,5.601549866051158677e-02
2.544073772714944282e-01,5.547305222709689176e-02
2.533224844046650381e-01,5.547305222709689176e-02
2.522375915378356481e-01,5.547305222709689176e-02
2.500678058041768126e-01,5.493060579368218982e-02
2.489829129373474503e-01,5.493060579368218982e-02
2.478980200705180326e-01,5.493060579368218982e-02
2.451857879034445298e-01,5.438815936026748787e-02
2.441008950366151398e-01,5.438815936026748787e-02
2.430160021697857220e-01,5.438815936026748787e-02
2.405749932194195806e-01,5.384571292685279287e-02
2.397613235692975242e-01,5.384571292685279287e-02
2.386764307024681342e-01,5.384571292685279287e-02
2.359641985353946314e-01,5.330326649343809092e-02
2.348793056685652414e-01,5.330326649343809092e-02
2.321670735014917386e-01,5.276082006002338898e-02
2.310821806346623208e-01,5.276082006002338898e-02
2.299972877678329308e-01,5.276082006002338898e-02
2.280987252508814844e-01,5.221837362660868703e-02
2.272850556007594280e-01,5.221837362660868703e-02
2.262001627339300380e-01,5.221837362660868703e-02
2.240303770002712302e-01,5.167592719319398509e-02
2.229454841334418125e-01,5.167592719319398509e-02
2.218605912666124225e-01,5.167592719319398509e-02
2.202332519663683097e-01,5.113348075977929008e-02
2.191483590995389197e-01,5.113348075977929008e-02
2.180634662327095297e-01,5.113348075977929008e-02
2.164361269324654169e-01,5.059103432636458814e-02
2.153512340656360269e-01,5.059103432636458814e-02
2.139951179820992755e-01,5.059103432636458814e-02
2.129102251152698577e-01,5.004858789294988619e-02
2.120965554651478291e-01,5.004858789294988619e-02
2.110116625983184113e-01,5.004858789294988619e-02
2.088418768646596035e-01,4.950614145953519118e-02
2.077569839978302135e-01,4.950614145953519118e-02
2.045023053973420157e-01,4.896369502612048924e-02
2.020612964469758743e-01,4.842124859270578729e-02
2.012476267968538179e-01,4.842124859270578729e-02
2.001627339300244002e-01,4.842124859270578729e-02
1.988066178464876488e-01,4.787880215929108535e-02
1.979929481963656202e-01,4.787880215929108535e-02
1.969080553295362024e-01,4.787880215929108535e-02
1.944670463791700610e-01,4.733635572587638340e-02
1.936533767290480046e-01,4.733635572587638340e-02
1.914835909953891968e-01,4.679390929246168840e-02
1.903986981285598068e-01,4.679390929246168840e-02
1.890425820450230554e-01,4.625146285904698645e-02
1.882289123949009990e-01,4.625146285904698645e-02
1.871440195280716090e-01,4.625146285904698645e-02
1.855166802278274962e-01,4.570901642563228451e-02
1.844317873609981062e-01,4.570901642563228451e-02
1.819907784106319371e-01,4.516656999221758950e-02
1.811771087605099084e-01,4.516656999221758950e-02
1.792785462435584620e-01,4.462412355880288062e-02
1.784648765934364056e-01,4.462412355880288062e-02
1.762950908597775979e-01,4.408167712538818561e-02
1.752101979929482078e-01,4.408167712538818561e-02
1.735828586927040951e-01,4.353923069197348367e-02
1.724979658258747051e-01,4.353923069197348367e-02
1.705994033089232309e-01,4.299678425855878172e-02
1.697857336588012023e-01,4.299678425855878172e-02
1.678871711418497559e-01,4.245433782514408672e-02
1.670735014917276995e-01,4.245433782514408672e-02
1.649037157580688917e-01,4.191189139172937783e-02
1.638188228912395017e-01,4.191189139172937783e-02
1.624627068077027503e-01,4.136944495831468283e-02
1.616490371575806939e-01,4.136944495831468283e-02
1.597504746406292475e-01,4.082699852489998088e-02
1.589368049905071911e-01,4.082699852489998088e-02
1.570382424735557447e-01,4.028455209148527894e-02
1.562245728234336883e-01,4.028455209148527894e-02
1.543260103064822419e-01,3.974210565807058393e-02
1.535123406563601856e-01,3.974210565807058393e-02
1.521562245728234342e-01,3.919965922465588198e-02
1.513425549227013778e-01,3.919965922465588198e-02
1.494439924057499314e-01,3.865721279124118004e-02
1.486303227556278750e-01,3.865721279124118004e-02
1.472742066720911236e-01,3.811476635782648503e-02
1.464605370219690672e-01,3.811476635782648503e-02
1.445619745050176208e-01,3.757231992441177615e-02
1.437483048548955922e-01,3.757231992441177615e-02
1.415785191212367844e-01,3.702987349099708114e-02
1.399511798209926716e-01,3.648742705758237920e-02
1.388662869541632816e-01,3.648742705758237920e-02
1.375101708706265302e-01,3.594498062416767725e-02
1.366965012205044738e-01,3.594498062416767725e-02
1.353403851369677224e-01,3.540253419075298225e-02
1.345267154868456660e-01,3.540253419075298225e-02
1.331705994033089147e-01,3.486008775733828030e-02
1.323569297531868860e-01,3.486008775733828030e-02
1.310008136696501346e-01,3.431764132392357836e-02
1.301871440195280782e-01,3.431764132392357836e-02
1.288310279359913268e-01,3.377519489050888335e-02
1.280173582858692705e-01,3.377519489050888335e-02
1.266612422023325191e-01,3.323274845709417447e-02
1.258475725522104627e-01,3.323274845709417447e-02
1.244914564686737252e-01,3.269030202367947946e-02
1.236777868185516688e-01,3.269030202367947946e-02
1.223216707350149174e-01,3.214785559026477751e-02
1.215080010848928610e-01,3.214785559026477751e-02
1.198806617846487621e-01,3.160540915685007557e-02
1.177108760509899682e-01,3.106296272343537362e-02
1.163547599674532168e-01,3.052051629002067862e-02
1.155410903173311604e-01,3.052051629002067862e-02
1.139137510170870615e-01,2.997806985660597667e-02
1.117439652834282676e-01,2.943562342319127473e-02
1.103878491998915162e-01,2.889317698977657278e-02
1.095741795497694598e-01,2.889317698977657278e-02
1.079468402495253609e-01,2.835073055636187778e-02
1.063195009492812620e-01,2.780828412294717583e-02
1.041497152156224543e-01,2.726583768953247389e-02
1.025223759153783554e-01,2.672339125611777194e-02
1.008950366151342565e-01,2.618094482270307694e-02
9.872525088147544869e-02,2.563849838928837499e-02
9.709791158123134980e-02,2.509605195587367304e-02
9.547057228098725090e-02,2.455360552245897110e-02
9.384323298074315201e-02,2.401115908904427609e-02
9.221589368049905311e-02,2.346871265562957415e-02
9.058855438025495421e-02,2.292626622221487220e-02
8.868999186330349394e-02,2.238381978880017026e-02
8.733387577976674254e-02,2.184137335538547525e-02
8.570653647952264365e-02,2.129892692197077331e-02
8.407919717927854475e-02,2.075648048855607136e-02
8.245185787903444585e-02,2.021403405514136942e-02
8.082451857879034696e-02,1.967158762172666747e-02
7.919717927854624806e-02,1.912914118831197247e-02
7.784106319500949667e-02,1.858669475489727052e-02
7.621372389476539777e-02,1.804424832148256858e-02
7.485760781122864638e-02,1.750180188806786663e-02
7.323026851098453360e-02,1.695935545465317162e-02
7.187415242744779609e-02,1.641690902123846968e-02
7.051803634391104469e-02,1.587446258782376773e-02
6.916192026037429330e-02,1.533201615440906579e-02
6.780580417683754191e-02,1.478956972099437078e-02
6.644968809330079051e-02,1.424712328757966884e-02
6.509357200976403912e-02,1.370467685416496689e-02
6.373745592622728773e-02,1.316223042075026495e-02
6.238133984269053633e-02,1.261978398733556994e-02
6.102522375915378494e-02,1.207733755392086800e-02
5.994033089232438105e-02,1.153489112050616605e-02
5.858421480878762966e-02,1.099244468709146411e-02
5.722809872525087826e-02,1.044999825367676216e-02
5.614320585842148131e-02,9.907551820262067155e-03
5.505831299159207742e-02,9.365105386847365210e-03
5.370219690805533297e-02,8.822658953432663265e-03
5.261730404122592908e-02,8.280212520017961320e-03
5.126118795768917769e-02,7.737766086603266313e-03
5.017629509085978073e-02,7.195319653188564368e-03
4.909140222403037684e-02,6.652873219773862423e-03
4.800650935720097295e-02,6.110426786359160478e-03
4.692161649037157600e-02,5.567980352944465472e-03
4.583672362354217211e-02,5.025533919529763527e-03
4.475183075671277516e-02,4.483087486115061582e-03
4.366693788988337127e-02,3.940641052700359637e-03
4.258204502305397432e-02,3.398194619285664630e-03
4.122592893951722293e-02,2.584524969163608243e-03
4.014103607268781904e-02,2.042078535748913237e-03
3.905614320585842208e-02,1.499632102334211292e-03
3.770002712232167069e-02,6.859624522121549051e-04
3.634391103878491930e-02,-1.277071979098876042e-04
3.525901817195552235e-02,-6.701536313245964882e-04
3.390290208841877095e-02,-1.483823281446638997e-03
3.254678600488201956e-02,-2.297492931568695385e-03
3.091944670463791719e-02,-3.382385798398085397e-03
2.983455383780851677e-02,-3.924832231812794281e-03
2.820721453756441441e-02,-5.009725098642198171e-03
2.657987523732031551e-02,-6.094617965471588183e-03
2.522375915378356412e-02,-6.908287615593644571e-03
2.441008950366151467e-02,-7.721957265715700958e-03
2.305397342012476328e-02,-8.535626915837743467e-03
2.224030377000271383e-02,-9.349296565959799854e-03
2.115541090317330994e-02,-9.891742999374494860e-03
2.007051803634390952e-02,-1.097663586620389875e-02
1.871440195280716159e-02,-1.179030551632594126e-02
1.790073230268510868e-02,-1.260397516644799765e-02
1.681583943585570826e-02,-1.368886803327740154e-02
1.545972335231895860e-02,-1.450253768339944405e-02
1.464605370219690741e-02,-1.531620733352150043e-02
1.356116083536750699e-02,-1.640110020035090432e-02
1.247626796853810657e-02,-1.748599306718029434e-02
1.139137510170870615e-02,-1.857088593400969823e-02
1.030648223487930573e-02,-1.965577880083910212e-02
9.492812584757254549e-03,-2.074067166766850601e-02
8.679142934635205101e-03,-2.182556453449789602e-02
7.594250067805803812e-03,-2.291045740132729991e-02
6.780580417683753497e-03,-2.399535026815670380e-02
6.238133984269053287e-03,-2.480901991827876019e-02
5.695687550854353076e-03,-2.562268956840080270e-02
5.153241117439652866e-03,-2.643635921852285908e-02
4.610794684024952655e-03,-2.725002886864490159e-02
4.068348250610252445e-03,-2.806369851876695798e-02
3.525901817195551801e-03,-2.887736816888900049e-02
2.983455383780851591e-03,-2.996226103571840438e-02
2.441008950366151380e-03,-3.104715390254780827e-02
1.898562516951450953e-03,-3.213204676937721216e-02
1.898562516951450953e-03,-3.294571641949925467e-02
1.356116083536750743e-03,-3.375938606962131106e-02
1.356116083536750743e-03,-3.457305571974335356e-02
8.136696501220504240e-04,-3.538672536986540995e-02
5.424464334147003188e-04,-3.647161823669481384e-02
2.712232167073501594e-04,-3.755651110352421773e-02
2.712232167073501594e-04,-3.864140397035360774e-02
2.712232167073501594e-04,-3.972629683718301163e-02
